1610141228 0.8048829
1610141229 0.8039063
1610141230 0.8048829
1610141231 0.8078126
1610141232 0.8056153
1610141233 0.805127
1610141234 0.8036622
1610141235 0.8041505
1610141236 0.8034181
1610141237 0.8041505
1610141238 0.8031739
1610141239 0.8036622
1610141240 0.8021973
1610141241 0.8058595
1610141242 0.8019531
1610141243 0.8019531
1610141244 0.8002441
1610141245 0.7995117
1610141246 0.7946288
1610141247 0.8004883
1610141248 0.8039063
1610141249 0.8012207
1610141250 0.8002441
1610141251 0.8007324
1610141252 0.8019531
1610141253 0.8026855
1610141254 0.8009766
1610141255 0.8014648
1610141256 0.8053712
1610141257 0.8007324
1610141258 0.7997559
1610141259 0.7997559
1610141260 0.7995117
1610141261 0.8012207
1610141262 0.8
1610141263 0.8012207
1610141264 0.8
1610141265 0.801709
1610141266 0.8
1610141267 0.8012207
1610141268 0.7978027
1610141269 0.8
1610141270 0.8
1610141271 0.7758297
1610141272 0.7990234
1610141273 0.7980468
1610141274 0.8009766
1610141275 0.7907225
1610141276 0.7987792
1610141277 0.8004883
1610141278 0.7997559
1610141279 0.8009766
1610141280 0.801709
1610141281 0.7953613
1610141282 0.7995117
1610141283 0.7995117
1610141284 0.7990234
1610141285 0.8004883
1610141286 0.8014648
1610141287 0.7990234
1610141288 0.7970703
1610141289 0.7990234
1610141290 0.8
1610141291 0.7946288
1610141292 0.798291
1610141293 0.8004883
1610141294 0.7990234
1610141295 0.798291
1610141296 0.798291
1610141297 0.7995117
1610141298 0.8009766
1610141299 0.7985351
1610141300 0.7995117
1610141301 0.7992676
1610141302 0.8009766
1610141303 0.7985351
1610141304 0.7990234
1610141305 0.7995117
1610141306 0.8012207
1610141307 0.8004883
1610141308 0.796582
1610141309 0.8024414
1610141310 0.7975585
1610141311 0.7980468
1610141312 0.798291
1610141313 0.7975585
1610141314 0.7980468
1610141315 0.8381018
1610141316 0.7985351
1610141317 0.8002441
1610141318 0.798291
1610141319 0.7990234
1610141320 0.798291
1610141321 0.798291
1610141322 0.7985351
1610141323 0.7997559
1610141324 0.7997559
1610141325 0.8
1610141326 0.8002441
1610141327 0.7995117
1610141328 0.7992676
1610141329 0.7953613
1610141330 0.7958496
1610141331 0.8009766
1610141332 0.7995117
1610141333 0.796582
1610141334 0.8009766
1610141335 0.7995117
1610141336 0.7980468
1610141337 0.7973144
1610141338 0.8039063
1610141339 0.7980468
1610141340 0.7975585
1610141341 0.7980468
1610141342 0.7885252
1610141343 0.7975585
1610141344 0.7990234
1610141345 0.798291
1610141346 0.7980468
1610141347 0.7973144
1610141348 0.7960937
1610141349 0.7992676
1610141350 0.7992676
1610141351 0.798291
1610141352 0.7916991
1610141353 0.7995117
1610141354 0.7985351
1610141355 0.7960937
1610141356 0.801709
1610141357 0.7985351
1610141358 0.7958496
1610141359 0.8031739
1610141360 0.7995117
1610141361 0.7995117
1610141362 0.798291
1610141363 0.8
1610141364 0.7990234
1610141365 0.7941405
1610141366 0.7980468
1610141367 0.7978027
1610141368 0.8043946
1610141369 0.7958496
1610141370 0.794873
1610141371 0.7992676
1610141372 0.7973144
1610141373 0.7985351
1610141374 0.7985351
1610141375 0.7750973
1610141376 0.7990234
1610141377 0.7990234
1610141378 0.7978027
1610141379 0.8002441
1610141380 0.7992676
1610141381 0.8021973
1610141382 0.7956054
1610141383 0.7958496
1610141384 0.7990234
1610141385 0.7951171
1610141386 0.798291
1610141387 0.8112307
1610141388 0.8012207
1610141389 0.8004883
1610141390 0.7953613
1610141391 0.7992676
1610141392 0.7990234
1610141393 0.7975585
1610141394 0.7980468
1610141395 0.7970703
1610141396 0.7987792
1610141397 0.8004883
1610141398 0.7992676
1610141399 0.8009766
1610141400 0.7978027
1610141401 0.7978027
1610141402 0.7990234
1610141403 0.7895018
1610141404 0.7992676
1610141405 0.7980468
1610141406 0.798291
1610141407 0.8002441
1610141408 0.7990234
1610141409 0.8158847
1610141410 0.798291
1610141411 0.7995117
1610141412 0.796582
1610141413 0.798291
1610141414 0.7992676
1610141416 0.8004883
1610141417 0.7985351
1610141418 0.7978027
1610141419 0.7924315
1610141420 0.7990234
1610141421 0.7980468
1610141422 0.7990234
1610141423 0.8002441
1610141424 0.7973144
1610141425 0.8002441
1610141426 0.798291
1610141427 0.7990234
1610141428 0.7985351
1610141429 0.8004883
1610141430 0.7990234
1610141431 0.7978027
1610141432 0.7970703
1610141433 0.7980468
1610141434 0.7875486
1610141435 0.7990234
1610141436 0.7975585
1610141437 0.7970703
1610141438 0.8004883
1610141439 0.7980468
1610141440 0.7980468
1610141441 0.7978027
1610141442 0.7990234
1610141443 0.7985351
1610141444 0.7990234
1610141445 0.7975585
1610141446 0.8036622
1610141447 0.8
1610141448 0.7992676
1610141449 0.7995117
1610141450 0.7987792
1610141451 0.7934081
1610141452 0.7978027
1610141453 0.8095216
1610141454 0.7970703
1610141455 0.8009766
1610141456 0.7963378
1610141457 0.8014648
1610141458 0.7985351
1610141459 0.798291
1610141460 0.7980468
1610141461 0.8053712
1610141462 0.8004883
1610141463 0.7997559
1610141464 0.7990234
1610141465 0.7978027
1610141466 0.7980468
1610141467 0.7978027
1610141468 0.7992676
1610141469 0.7985351
1610141470 0.7997559
1610141471 0.798291
1610141472 0.7990234
1610141473 0.7997559
1610141474 0.7992676
1610141475 0.7992676
1610141476 0.7985351
1610141477 0.7990234
1610141478 0.7970703
1610141479 0.7978027
1610141480 0.798291
1610141481 0.8019531
1610141482 0.7895018
1610141483 0.798291
1610141484 0.7995117
1610141485 0.7995117
1610141486 0.798291
1610141487 0.7997559
1610141488 0.7975585
1610141489 0.7985351
1610141490 0.8
1610141491 0.7997559
1610141492 0.7997559
1610141493 0.7997559
1610141494 0.7956054
1610141495 0.7990234
1610141496 0.7960937
1610141497 0.7990234
1610141498 0.7980468
1610141499 0.8019531
1610141500 0.7990234
1610141501 0.7980468
1610141502 0.7995117
1610141503 0.8036622
1610141504 0.7990234
1610141505 0.7963378
1610141506 0.8009766
1610141507 0.7980468
1610141508 0.8012207
1610141509 0.7992676
1610141510 0.8134432
1610141511 0.7980468
1610141512 0.798291
1610141513 0.7992676
1610141514 0.7980468
1610141515 0.7943847
1610141516 0.8014648
1610141517 0.7990234
1610141518 0.8002441
1610141519 0.7990234
1610141520 0.7978027
1610141521 0.7978027
1610141522 0.7980468
1610141523 0.7973144
1610141524 0.7970703
1610141525 0.7973144
1610141526 0.8004883
1610141527 0.8
1610141528 0.8009766
1610141529 0.8002441
1610141530 0.7975585
1610141531 0.8021973
1610141532 0.7985351
1610141533 0.7997559
1610141534 0.7980468
1610141535 0.813199
1610141536 0.7978027
1610141537 0.7995117
1610141538 0.8002441
1610141539 0.7985351
1610141540 0.7987792
1610141541 0.7995117
1610141542 0.7980468
1610141543 0.7970703
1610141544 0.798291
1610141545 0.7990234
1610141546 0.7995117
1610141547 0.7990234
1610141548 0.8034181
1610141549 0.7978027
1610141550 0.8034181
1610141551 0.7985351
1610141552 0.7997559
1610141553 0.798291
1610141554 0.7990234
1610141555 0.7990234
1610141556 0.7985351
1610141557 0.7995117
1610141558 0.8217441
1610141559 0.7987792
1610141560 0.7990234
1610141561 0.7956054
1610141562 0.7987792
1610141563 0.7985351
1610141564 0.798291
1610141565 0.7992676
1610141566 0.798291
1610141567 0.8002441
1610141568 0.7997559
1610141569 0.7826657
1610141570 0.7985351
1610141571 0.7960937
1610141572 0.801709
1610141573 0.796582
1610141574 0.798291
1610141575 0.801709
1610141576 0.7975585
1610141577 0.8
1610141578 0.7980468
1610141579 0.8
1610141580 0.7975585
1610141581 0.7946288
1610141582 0.7980468
1610141583 0.7973144
1610141584 0.7990234
1610141585 0.7997559
1610141586 0.8024414
1610141587 0.7978027
1610141588 0.798291
1610141589 0.8
1610141590 0.7963378
1610141591 0.7997559
1610141592 0.7990234
1610141593 0.7992676
1610141594 0.78999
1610141595 0.7995117
1610141596 0.7990234
1610141597 0.7973144
1610141598 0.7975585
1610141599 0.7992676
1610141600 0.798291
1610141601 0.7990234
1610141602 0.8002441
1610141603 0.7975585
1610141604 0.8
1610141605 0.7936522
1610141606 0.8021973
1610141607 0.8002441
1610141608 0.798291
1610141609 0.7990234
1610141610 0.7992676
1610141611 0.7985351
1610141612 0.7963378
1610141613 0.8
1610141614 0.798291
1610141615 0.7963378
1610141616 0.798291
1610141617 0.8012207
1610141618 0.7973144
1610141619 0.7980468
1610141620 0.8002441
1610141621 0.7992676
1610141622 0.7973144
1610141623 0.7970703
1610141624 0.798291
1610141625 0.7980468
1610141626 0.7985351
1610141627 0.7990234
1610141628 0.8
1610141629 0.7956054
1610141630 0.7990234
1610141631 0.7978027
1610141632 0.798291
1610141633 0.774609
1610141634 0.7997559
1610141635 0.8019531
1610141636 0.8004883
1610141637 0.8009766
1610141638 0.7963378
1610141639 0.7995117
1610141640 0.7975585
1610141641 0.798291
1610141642 0.7985351
1610141643 0.8
1610141644 0.796582
1610141645 0.7980468
1610141646 0.8009766
1610141647 0.8014648
1610141648 0.7990234
1610141649 0.798291
1610141650 0.798291
1610141651 0.7992676
1610141652 0.7987792
1610141653 0.7985351
1610141654 0.798291
1610141655 0.8029298
1610141656 0.7960937
1610141657 0.7990234
1610141658 0.7992676
1610141659 0.7985351
1610141660 0.7990234
1610141661 0.7978027
1610141662 0.7970703
1610141663 0.8019531
1610141664 0.798291
1610141665 0.8
1610141666 0.7973144
1610141667 0.7995117
1610141668 0.7973144
1610141669 0.7980468
1610141670 0.7995117
1610141671 0.7985351
1610141672 0.796582
1610141673 0.7985351
1610141674 0.8058595
1610141675 0.7975585
1610141676 0.7943847
1610141677 0.7990234
1610141678 0.7973144
1610141679 0.798291
1610141680 0.7985351
1610141681 0.8009766
1610141682 0.7992676
1610141683 0.8029298
1610141684 0.7985351
1610141685 0.7978027
1610141686 0.7992676
1610141687 0.7980468
1610141688 0.7985351
1610141689 0.8012207
1610141690 0.7973144
1610141691 0.7953613
1610141692 0.7980468
1610141693 0.7975585
1610141694 0.7978027
1610141695 0.798291
1610141696 0.7985351
1610141697 0.7997559
1610141698 0.8009766
1610141699 0.8
1610141700 0.8024414
1610141701 0.7992676
1610141702 0.8019531
1610141703 0.7985351
1610141704 0.8012207
1610141705 0.7963378
1610141706 0.8
1610141707 0.8007324
1610141708 0.7992676
1610141709 0.7980468
1610141710 0.7995117
1610141711 0.7768063
1610141712 0.7975585
1610141713 0.7997559
1610141714 0.7995117
1610141715 0.8041505
1610141716 0.798291
1610141717 0.7956054
1610141718 0.7985351
1610141719 0.7956054
1610141720 0.7992676
1610141721 0.7978027
1610141722 0.798291
1610141723 0.798291
1610141724 0.7995117
1610141725 0.7985351
1610141726 0.7992676
1610141727 0.7990234
1610141728 0.8004883
1610141729 0.7980468
1610141730 0.7987792
1610141731 0.7992676
1610141732 0.796582
1610141733 0.7960937
1610141734 0.8
1610141735 0.8002441
1610141736 0.7997559
1610141737 0.7980468
1610141738 0.7951171
1610141739 0.7980468
1610141740 0.7995117
1610141741 0.7951171
1610141742 0.7990234
1610141743 0.7992676
1610141744 0.7995117
1610141745 0.7992676
1610141746 0.7992676
1610141747 0.798291
1610141748 0.7973144
1610141749 0.7992676
1610141750 0.7995117
1610141751 0.7980468
1610141752 0.7951171
1610141753 0.7995117
1610141754 0.7970703
1610141755 0.798291
1610141756 0.7978027
1610141757 0.7985351
1610141758 0.8024414
1610141759 0.7997559
1610141760 0.7995117
1610141761 0.7990234
1610141762 0.7975585
1610141763 0.7956054
1610141764 0.7985351
1610141765 0.7997559
1610141766 0.798291
1610141767 0.798291
1610141768 0.8029298
1610141769 0.7978027
1610141770 0.8034181
1610141771 0.798291
1610141772 0.798291
1610141773 0.7985351
1610141774 0.7980468
1610141775 0.7990234
1610141776 0.7990234
1610141777 0.7990234
1610141778 0.798291
1610141779 0.8014648
1610141780 0.7980468
1610141781 0.8
1610141782 0.7958496
1610141783 0.7980468
1610141784 0.7978027
1610141785 0.7990234
1610141786 0.7995117
1610141787 0.7963378
1610141788 0.7978027
1610141789 0.7997559
1610141790 0.7987792
1610141791 0.796582
1610141792 0.7970703
1610141793 0.7956054
1610141794 0.7992676
1610141795 0.7997559
1610141796 0.8043946
1610141797 0.7975585
1610141798 0.8002441
1610141799 0.7990234
1610141800 0.7946288
1610141801 0.798291
1610141802 0.7992676
1610141803 0.7985351
1610141804 0.8012207
1610141805 0.7990234
1610141806 0.7958496
1610141807 0.798291
1610141808 0.8009766
1610141809 0.7978027
1610141810 0.7978027
1610141811 0.7963378
1610141812 0.7970703
1610141813 0.7985351
1610141814 0.8034181
1610141815 0.7990234
1610141816 0.798291
1610141817 0.7985351
1610141818 0.7990234
1610141819 0.798291
1610141820 0.7992676
1610141821 0.796582
1610141822 0.7997559
1610141823 0.7990234
1610141824 0.7992676
1610141825 0.798291
1610141826 0.7978027
1610141827 0.7990234
1610141828 0.7992676
1610141829 0.7995117
1610141830 0.7987792
1610141831 0.7980468
1610141832 0.7958496
1610141833 0.7990234
1610141834 0.7985351
1610141835 0.7985351
1610141836 0.8063478
1610141837 0.7985351
1610141838 0.7970703
1610141839 0.7978027
1610141840 0.7970703
1610141841 0.7990234
1610141842 0.7973144
1610141843 0.8004883
1610141844 0.7985351
1610141845 0.7995117
1610141846 0.7970703
1610141847 0.7978027
1610141848 0.7985351
1610141849 0.8014648
1610141850 0.7985351
1610141851 0.7946288
1610141852 0.791455
1610141853 0.7985351
1610141854 0.7992676
1610141855 0.8034181
1610141856 0.7990234
1610141857 0.7978027
1610141858 0.7987792
1610141859 0.7970703
1610141860 0.7985351
1610141861 0.7995117
1610141862 0.7990234
1610141863 0.798291
1610141864 0.798291
1610141865 0.7992676
1610141866 0.7973144
1610141867 0.7990234
1610141868 0.8014648
1610141869 0.7995117
1610141870 0.8
1610141871 0.7980468
1610141872 0.7987792
1610141873 0.7980468
1610141874 0.798291
1610141875 0.7963378
1610141876 0.7980468
1610141877 0.7987792
1610141878 0.798291
1610141879 0.7985351
1610141880 0.8
1610141881 0.7970703
1610141882 0.798291
1610141883 0.7990234
1610141884 0.7990234
1610141885 0.8004883
1610141886 0.7980468
1610141887 0.7973144
1610141888 0.8007324
1610141889 0.7997559
1610141890 0.7978027
1610141891 0.798291
1610141892 0.7995117
1610141893 0.8
1610141894 0.7975585
1610141895 0.8004883
1610141896 0.7970703
1610141897 0.7970703
1610141898 0.7963378
1610141899 0.8002441
1610141900 0.7943847
1610141901 0.7936522
1610141902 0.7987792
1610141903 0.798291
1610141904 0.7980468
1610141905 0.798291
1610141906 0.7995117
1610141907 0.7985351
1610141908 0.7980468
1610141909 0.8031739
1610141910 0.7951171
1610141911 0.7980468
1610141912 0.7995117
1610141913 0.796582
1610141914 0.7990234
1610141915 0.8002441
1610141916 0.7978027
1610141917 0.7992676
1610141918 0.7980468
1610141919 0.7963378
1610141920 0.793164
1610141921 0.7992676
1610141922 0.7980468
1610141923 0.801709
1610141924 0.7992676
1610141925 0.7992676
1610141926 0.7980468
1610141927 0.7980468
1610141928 0.7995117
1610141929 0.7970703
1610141930 0.798291
1610141931 0.7992676
1610141932 0.7946288
1610141933 0.7990234
1610141934 0.7990234
1610141935 0.798291
1610141936 0.7978027
1610141937 0.8063478
1610141938 0.7978027
1610141939 0.7990234
1610141940 0.7868162
1610141941 0.7997559
1610141942 0.7963378
1610141943 0.7980468
1610141944 0.7997559
1610141945 0.7963378
1610141946 0.7975585
1610141947 0.7985351
1610141948 0.7995117
1610141949 0.7902342
1610141950 0.798291
1610141951 0.7992676
1610141952 0.7990234
1610141953 0.8036622
1610141954 0.8009766
1610141955 0.7990234
1610141956 0.7985351
1610141957 0.7963378
1610141958 0.8041505
1610141959 0.7990234
1610141960 0.7978027
1610141961 0.7997559
1610141962 0.7860837
1610141963 0.7973144
1610141964 0.798291
1610141965 0.7992676
1610141966 0.7992676
1610141967 0.8039063
1610141968 0.7990234
1610141969 0.8100099
1610141970 0.798291
1610141971 0.7990234
1610141972 0.7990234
1610141973 0.7997559
1610141974 0.7953613
1610141975 0.7990234
1610141976 0.7990234
1610141977 0.7997559
1610141978 0.8031739
1610141979 0.7975585
1610141980 0.7985351
1610141981 0.7995117
1610141982 0.7987792
1610141983 0.8
1610141984 0.8136873
1610141985 0.8009766
1610141986 0.7995117
1610141987 0.8019531
1610141988 0.7992676
1610141989 0.8129549
1610141990 0.798291
1610141991 0.801709
1610141992 0.7973144
1610141993 0.7985351
1610141994 0.7941405
1610141995 0.7990234
1610141996 0.7992676
1610141997 0.7997559
1610141998 0.7990234
1610141999 0.801709
1610142000 0.7992676
1610142001 0.7992676
1610142002 0.7890135
1610142003 0.796582
1610142004 0.7997559
1610142005 0.8002441
1610142006 0.7995117
1610142007 0.7985351
1610142008 0.7997559
1610142009 0.7980468
1610142010 0.798291
1610142011 0.7887693
1610142012 0.7973144
1610142013 0.7980468
1610142014 0.7987792
1610142015 0.8034181
1610142016 0.7997559
1610142017 0.7960937
1610142018 0.798291
1610142019 0.7992676
1610142020 0.7973144
1610142021 0.7985351
1610142022 0.7985351
1610142023 0.7987792
1610142024 0.8002441
1610142025 0.8029298
1610142026 0.7990234
1610142027 0.7985351
1610142028 0.7992676
1610142029 0.7997559
1610142030 0.7841306
1610142031 0.7985351
1610142032 0.7992676
1610142033 0.8009766
1610142034 0.8002441
1610142035 0.8014648
1610142036 0.7970703
1610142037 0.801709
1610142038 0.7990234
1610142039 0.7978027
1610142040 0.7985351
1610142041 0.8007324
1610142042 0.7980468
1610142043 0.798291
1610142044 0.7992676
1610142045 0.7997559
1610142046 0.798291
1610142047 0.7992676
1610142048 0.8014648
1610142049 0.8004883
1610142050 0.7975585
1610142051 0.7992676
1610142052 0.798291
1610142053 0.798291
1610142054 0.7980468
1610142055 0.8009766
1610142056 0.7985351
1610142057 0.798291
1610142058 0.7980468
1610142059 0.7990234
1610142060 0.7978027
1610142061 0.8012207
1610142062 0.7985351
1610142063 0.7992676
1610142064 0.798291
1610142065 0.7995117
1610142066 0.7978027
1610142067 0.7882811
1610142068 0.798291
1610142069 0.7980468
1610142070 0.8012207
1610142071 0.8021973
1610142072 0.7995117
1610142073 0.7997559
1610142074 0.798291
1610142075 0.8012207
1610142076 0.7990234
1610142077 0.8012207
1610142078 0.7902342
1610142079 0.7992676
1610142080 0.7765622
1610142081 0.7958496
1610142082 0.7997559
1610142083 0.7978027
1610142084 0.7990234
1610142085 0.7980468
1610142086 0.798291
1610142087 0.7978027
1610142088 0.7978027
1610142089 0.7995117
1610142090 0.7963378
1610142091 0.7975585
1610142092 0.8019531
1610142093 0.7992676
1610142094 0.8
1610142095 0.7992676
1610142096 0.7985351
1610142097 0.7980468
1610142098 0.7956054
1610142099 0.8019531
1610142100 0.7973144
1610142101 0.7990234
1610142102 0.7980468
1610142103 0.7992676
1610142104 0.7992676
1610142105 0.7975585
1610142106 0.7978027
1610142107 0.7958496
1610142108 0.7985351
1610142109 0.7985351
1610142110 0.7960937
1610142111 0.7980468
1610142112 0.7992676
1610142113 0.7970703
1610142114 0.7980468
1610142115 0.798291
1610142116 0.798291
1610142117 0.7980468
1610142118 0.7936522
1610142119 0.7990234
1610142120 0.8009766
1610142121 0.798291
1610142122 0.7973144
1610142123 0.7990234
1610142124 0.798291
1610142125 0.7973144
1610142126 0.7990234
1610142127 0.798291
1610142128 0.798291
1610142129 0.7990234
1610142130 0.7960937
1610142131 0.7992676
1610142132 0.7980468
1610142133 0.7987792
1610142134 0.7970703
1610142135 0.7926757
1610142136 0.7980468
1610142137 0.7975585
1610142138 0.7975585
1610142139 0.7990234
1610142140 0.7997559
1610142141 0.7995117
1610142142 0.7975585
1610142143 0.7921874
1610142144 0.7985351
1610142145 0.7995117
1610142146 0.8014648
1610142147 0.7978027
1610142148 0.7980468
1610142149 0.7980468
1610142150 0.798291
1610142151 0.8063478
1610142152 0.8
1610142153 0.7997559
1610142154 0.7960937
1610142155 0.7973144
1610142156 0.7985351
1610142157 0.7985351
1610142158 0.8002441
1610142159 0.7990234
1610142160 0.7992676
1610142161 0.8197909
1610142162 0.7980468
1610142163 0.7985351
1610142164 0.7995117
1610142165 0.7995117
1610142166 0.7975585
1610142167 0.7985351
1610142168 0.7992676
1610142169 0.7980468
1610142170 0.7973144
1610142171 0.7980468
1610142172 0.7980468
1610142173 0.7985351
1610142174 0.7985351
1610142175 0.7992676
1610142176 0.7997559
1610142177 0.7970703
1610142178 0.7992676
1610142179 0.8
1610142180 0.7975585
1610142181 0.7992676
1610142182 0.7995117
1610142183 0.8
1610142184 0.7990234
1610142185 0.7985351
1610142186 0.7995117
1610142187 0.7992676
1610142188 0.7985351
1610142189 0.7990234
1610142190 0.798291
1610142191 0.7970703
1610142192 0.814664
1610142193 0.7990234
1610142194 0.7980468
1610142195 0.798291
1610142196 0.798291
1610142197 0.7990234
1610142198 0.8009766
1610142199 0.7978027
1610142200 0.7985351
1610142201 0.7992676
1610142202 0.7990234
1610142203 0.7985351
1610142204 0.7990234
1610142205 0.7975585
1610142206 0.7975585
1610142207 0.798291
1610142208 0.7992676
1610142209 0.7978027
1610142210 0.7990234
1610142211 0.8
1610142212 0.8002441
1610142213 0.7980468
1610142214 0.7963378
1610142215 0.8019531
1610142216 0.7953613
1610142217 0.7997559
1610142218 0.7978027
1610142219 0.798291
1610142220 0.8004883
1610142221 0.798291
1610142222 0.7997559
1610142223 0.7960937
1610142224 0.7997559
1610142225 0.7990234
1610142226 0.7973144
1610142227 0.7956054
1610142228 0.7975585
1610142229 0.7990234
1610142230 0.7963378
1610142231 0.798291
1610142232 0.8009766
1610142233 0.8
1610142234 0.7990234
1610142235 0.7970703
1610142236 0.8009766
1610142237 0.8002441
1610142238 0.7987792
1610142239 0.798291
1610142240 0.798291
1610142241 0.7990234
1610142242 0.7980468
1610142243 0.8004883
1610142244 0.7990234
1610142245 0.798291
1610142246 0.7985351
1610142247 0.7953613
1610142248 0.7990234
1610142249 0.8012207
1610142250 0.7973144
1610142251 0.8012207
1610142252 0.798291
1610142253 0.7980468
1610142254 0.8
1610142255 0.7973144
1610142256 0.798291
1610142257 0.7936522
1610142258 0.8
1610142259 0.798291
1610142260 0.8009766
1610142261 0.7973144
1610142262 0.8024414
1610142263 0.7985351
1610142264 0.7978027
1610142265 0.7980468
1610142266 0.798291
1610142267 0.7938964
1610142268 0.7973144
1610142269 0.7980468
1610142270 0.7980468
1610142271 0.7990234
1610142272 0.8014648
1610142273 0.7978027
1610142274 0.796582
1610142275 0.7985351
1610142276 0.7946288
1610142277 0.7978027
1610142278 0.7973144
1610142279 0.8
1610142280 0.7980468
1610142281 0.7970703
1610142282 0.7978027
1610142283 0.7912108
1610142284 0.7978027
1610142285 0.8039063
1610142286 0.798291
1610142287 0.7951171
1610142288 0.7973144
1610142289 0.7987792
1610142290 0.7997559
1610142291 0.7992676
1610142292 0.7980468
1610142293 0.7978027
1610142294 0.7997559
1610142295 0.7985351
1610142296 0.7980468
1610142297 0.7980468
1610142298 0.7941405
1610142299 0.7919433
1610142300 0.8212558
1610142301 0.8083009
1610142302 0.7995117
1610142303 0.7985351
1610142304 0.7973144
1610142305 0.7975585
1610142306 0.7978027
1610142307 0.7978027
1610142308 0.7768063
1610142309 0.7941405
1610142310 0.8021973
1610142311 0.7929198
1610142312 0.7975585
1610142313 0.7978027
1610142314 0.7980468
1610142315 0.798291
1610142316 0.798291
1610142317 0.7990234
1610142318 0.7978027
1610142319 0.7985351
1610142320 0.7973144
1610142321 0.7980468
1610142322 0.7970703
1610142323 0.7985351
1610142324 0.7973144
1610142325 0.796582
1610142326 0.7956054
1610142327 0.7997559
1610142328 0.7926757
1610142329 0.798291
1610142330 0.7970703
1610142331 0.8046388
1610142332 0.7968261
1610142333 0.7978027
1610142334 0.7995117
1610142335 0.7978027
1610142336 0.7970703
1610142337 0.7995117
1610142338 0.8036622
1610142339 0.7978027
1610142340 0.801709
1610142341 0.7960937
1610142342 0.7985351
1610142343 0.7963378
1610142344 0.798291
1610142345 0.7958496
1610142346 0.7963378
1610142347 0.7970703
1610142348 0.7980468
1610142349 0.7951171
1610142350 0.7978027
1610142351 0.7985351
1610142352 0.7995117
1610142353 0.7985351
1610142354 0.7960937
1610142355 0.7980468
1610142356 0.8002441
1610142357 0.7992676
1610142358 0.798291
1610142359 0.8097657
1610142360 0.798291
1610142361 0.7995117
1610142362 0.7987792
1610142363 0.7992676
1610142364 0.7985351
1610142365 0.8
1610142366 0.7997559
1610142367 0.7973144
1610142368 0.798291
1610142369 0.7975585
1610142370 0.7995117
1610142371 0.7992676
1610142372 0.7997559
1610142373 0.7934081
1610142374 0.7980468
1610142375 0.798291
1610142376 0.7975585
1610142377 0.8021973
1610142378 0.798291
1610142379 0.8009766
1610142380 0.7980468
1610142381 0.7980468
1610142382 0.7963378
1610142383 0.7973144
1610142384 0.7980468
1610142385 0.798291
1610142386 0.7985351
1610142387 0.7970703
1610142388 0.7997559
1610142389 0.798291
1610142390 0.7960937
1610142391 0.7943847
1610142392 0.798291
1610142393 0.814664
1610142394 0.7826657
1610142395 0.7963378
1610142396 0.7987792
1610142397 0.7970703
1610142398 0.7973144
1610142399 0.7978027
1610142400 0.7995117
1610142401 0.7990234
1610142402 0.7985351
1610142403 0.796582
1610142404 0.7975585
1610142405 0.7995117
1610142406 0.8031739
1610142407 0.7938964
1610142408 0.7995117
1610142409 0.7953613
1610142410 0.8095216
1610142411 0.7992676
1610142412 0.798291
1610142413 0.7985351
1610142414 0.7990234
1610142415 0.7980468
1610142416 0.798291
1610142417 0.798291
1610142418 0.8002441
1610142419 0.796582
1610142420 0.7958496
1610142421 0.7970703
1610142422 0.7980468
1610142423 0.8
1610142424 0.8
1610142425 0.7958496
1610142426 0.7992676
1610142427 0.8029298
1610142428 0.7973144
1610142429 0.8012207
1610142430 0.7980468
1610142431 0.798291
1610142432 0.7941405
1610142433 0.7963378
1610142434 0.7980468
1610142435 0.7970703
1610142436 0.801709
1610142437 0.7970703
1610142438 0.7975585
1610142439 0.7978027
1610142440 0.7975585
1610142441 0.7978027
1610142442 0.7990234
1610142443 0.7934081
1610142444 0.7978027
1610142445 0.7973144
1610142446 0.7978027
1610142447 0.7926757
1610142448 0.7975585
1610142449 0.798291
1610142450 0.7953613
1610142451 0.7973144
1610142452 0.7990234
1610142453 0.7958496
1610142454 0.793164
1610142455 0.7990234
1610142456 0.7997559
1610142457 0.798291
1610142458 0.7980468
1610142459 0.7990234
1610142460 0.8009766
1610142461 0.7963378
1610142462 0.798291
1610142463 0.7980468
1610142464 0.7960937
1610142465 0.8083009
1610142466 0.7975585
1610142467 0.7929198
1610142468 0.7978027
1610142469 0.7992676
1610142470 0.7958496
1610142471 0.7995117
1610142472 0.7904783
1610142473 0.7958496
1610142474 0.7995117
1610142475 0.7997559
1610142476 0.796582
1610142477 0.7970703
1610142478 0.7975585
1610142479 0.8036622
1610142480 0.7987792
1610142481 0.8002441
1610142482 0.798291
1610142483 0.798291
1610142484 0.7975585
1610142485 0.796582
1610142486 0.8002441
1610142487 0.8
1610142488 0.7970703
1610142489 0.7973144
1610142490 0.798291
1610142491 0.7978027
1610142492 0.7978027
1610142493 0.7975585
1610142494 0.7978027
1610142495 0.7970703
1610142496 0.7990234
1610142497 0.7980468
1610142498 0.7990234
1610142499 0.7934081
1610142500 0.796582
1610142501 0.8021973
1610142502 0.7970703
1610142503 0.7958496
1610142504 0.7978027
1610142505 0.7956054
1610142506 0.7978027
1610142507 0.7970703
1610142508 0.7970703
1610142509 0.7978027
1610142510 0.7980468
1610142511 0.7968261
1610142512 0.7970703
1610142513 0.7980468
1610142514 0.7970703
1610142515 0.7995117
1610142516 0.7958496
1610142517 0.7980468
1610142518 0.7978027
1610142519 0.798291
1610142520 0.7953613
1610142521 0.7970703
1610142522 0.7973144
1610142523 0.7978027
1610142524 0.8095216
1610142525 0.7980468
1610142526 0.7973144
1610142527 0.794873
1610142528 0.7973144
1610142529 0.7975585
1610142530 0.7968261
1610142531 0.8036622
1610142532 0.7909666
1610142533 0.7980468
1610142534 0.7978027
1610142535 0.7978027
1610142536 0.7963378
1610142537 0.7934081
1610142538 0.7992676
1610142539 0.7990234
1610142540 0.7975585
1610142541 0.7975585
1610142542 0.7980468
1610142543 0.7960937
1610142544 0.7975585
1610142545 0.7880369
1610142546 0.8021973
1610142547 0.7951171
1610142548 0.7992676
1610142549 0.798291
1610142550 0.7980468
1610142551 0.8004883
1610142552 0.7985351
1610142553 0.7992676
1610142554 0.7975585
1610142555 0.7995117
1610142556 0.7985351
1610142557 0.7963378
1610142558 0.8039063
1610142559 0.7970703
1610142560 0.798291
1610142561 0.7975585
1610142562 0.7987792
1610142563 0.7978027
1610142564 0.7975585
1610142565 0.7973144
1610142566 0.7995117
1610142567 0.7995117
1610142568 0.7985351
1610142569 0.798291
1610142570 0.7985351
1610142571 0.7975585
1610142572 0.7978027
1610142573 0.7885252
1610142574 0.7736324
1610142575 0.7980468
1610142576 0.8012207
1610142577 0.7958496
1610142578 0.7882811
1610142579 0.8009766
1610142580 0.7741207
1610142581 0.7997559
1610142582 0.7985351
1610142583 0.7995117
1610142584 0.7963378
1610142585 0.8036622
1610142586 0.7970703
1610142587 0.7995117
1610142588 0.7975585
1610142589 0.7973144
1610142590 0.7975585
1610142591 0.7973144
1610142592 0.7978027
1610142593 0.798291
1610142594 0.7978027
1610142595 0.798291
1610142596 0.7973144
1610142597 0.7960937
1610142598 0.7970703
1610142599 0.7960937
1610142600 0.7956054
1610142601 0.798291
1610142602 0.7953613
1610142603 0.7938964
1610142604 0.8029298
1610142605 0.7975585
1610142606 0.798291
1610142607 0.7978027
1610142608 0.7987792
1610142609 0.7980468
1610142610 0.7958496
1610142611 0.7975585
1610142612 0.7853513
1610142613 0.7873045
1610142614 0.7953613
1610142615 0.7990234
1610142616 0.8048829
1610142617 0.7943847
1610142618 0.7973144
1610142619 0.796582
1610142620 0.7992676
1610142621 0.7975585
1610142622 0.7975585
1610142623 0.7970703
1610142624 0.7973144
1610142625 0.7978027
1610142626 0.7960937
1610142627 0.7978027
1610142628 0.7958496
1610142629 0.7978027
1610142630 0.7973144
1610142631 0.7973144
1610142632 0.7968261
1610142633 0.7975585
1610142634 0.796582
1610142635 0.8
1610142636 0.7975585
1610142637 0.7973144
1610142638 0.7990234
1610142639 0.7980468
1610142640 0.798291
1610142641 0.798291
1610142642 0.7951171
1610142643 0.7975585
1610142644 0.8012207
1610142645 0.8007324
1610142646 0.7978027
1610142647 0.8002441
1610142648 0.7975585
1610142649 0.8
1610142650 0.7990234
1610142651 0.7916991
1610142652 0.7995117
1610142653 0.798291
1610142654 0.7990234
1610142655 0.7975585
1610142656 0.7978027
1610142657 0.796582
1610142658 0.7953613
1610142659 0.7975585
1610142660 0.7997559
1610142661 0.7975585
1610142662 0.798291
1610142663 0.7978027
1610142664 0.7970703
1610142665 0.7970703
1610142666 0.7980468
1610142667 0.7973144
1610142668 0.796582
1610142669 0.7995117
1610142670 0.798291
1610142671 0.7926757
1610142672 0.7973144
1610142673 0.7902342
1610142674 0.7992676
1610142675 0.7970703
1610142676 0.8100099
1610142677 0.7990234
1610142678 0.7980468
1610142679 0.7877928
1610142680 0.7973144
1610142681 0.7978027
1610142682 0.7973144
1610142683 0.798291
1610142684 0.7973144
1610142685 0.7970703
1610142686 0.7978027
1610142687 0.796582
1610142688 0.7995117
1610142689 0.7907225
1610142690 0.798291
1610142691 0.7985351
1610142692 0.7956054
1610142693 0.7980468
1610142694 0.7970703
1610142695 0.798291
1610142696 0.7978027
1610142697 0.7973144
1610142698 0.796582
1610142699 0.7975585
1610142700 0.8024414
1610142701 0.7995117
1610142702 0.7958496
1610142703 0.7978027
1610142704 0.7975585
1610142705 0.7980468
1610142706 0.7960937
1610142707 0.7970703
1610142708 0.7980468
1610142709 0.7975585
1610142710 0.7992676
1610142711 0.7958496
1610142712 0.798291
1610142713 0.7824216
1610142714 0.794873
1610142715 0.7973144
1610142716 0.798291
1610142717 0.7990234
1610142718 0.7970703
1610142719 0.7956054
1610142720 0.7975585
1610142721 0.7980468
1610142722 0.7975585
1610142723 0.7990234
1610142724 0.7987792
1610142725 0.8019531
1610142726 0.7973144
1610142727 0.7975585
1610142728 0.7990234
1610142729 0.7943847
1610142730 0.7975585
1610142731 0.7975585
1610142732 0.7973144
1610142733 0.7963378
1610142734 0.7973144
1610142735 0.7980468
1610142736 0.7963378
1610142737 0.7973144
1610142738 0.7980468
1610142739 0.7978027
1610142740 0.7978027
1610142741 0.7868162
1610142742 0.796582
1610142743 0.7975585
1610142744 0.7973144
1610142745 0.7987792
1610142746 0.7980468
1610142747 0.8004883
1610142748 0.7992676
1610142749 0.7973144
1610142750 0.8149081
1610142751 0.7978027
1610142752 0.7968261
1610142753 0.7938964
1610142754 0.7958496
1610142755 0.7963378
1610142756 0.8129549
1610142757 0.7958496
1610142758 0.7916991
1610142759 0.7936522
1610142760 0.7960937
1610142761 0.7963378
1610142762 0.7978027
1610142763 0.7970703
1610142764 0.7973144
1610142765 0.7968261
1610142766 0.7960937
1610142767 0.7963378
1610142768 0.7970703
1610142769 0.796582
1610142770 0.8012207
1610142771 0.7980468
1610142772 0.7973144
1610142773 0.7970703
1610142774 0.7978027
1610142775 0.7943847
1610142776 0.7951171
1610142777 0.798291
1610142778 0.7987792
1610142779 0.7951171
1610142780 0.791455
1610142781 0.7970703
1610142782 0.7970703
1610142783 0.796582
1610142784 0.7970703
1610142785 0.7973144
1610142786 0.7970703
1610142787 0.7973144
1610142788 0.7958496
1610142789 0.7973144
1610142790 0.7973144
1610142791 0.7973144
1610142792 0.7960937
1610142793 0.7960937
1610142794 0.7973144
1610142795 0.7956054
1610142796 0.796582
1610142797 0.7975585
1610142798 0.7978027
1610142799 0.7980468
1610142800 0.8070802
1610142801 0.7995117
1610142802 0.8119631
1610142803 0.7904783
1610142804 0.7960937
1610142805 0.7973144
1610142806 0.7970703
1610142807 0.7960937
1610142808 0.7970703
1610142809 0.7970703
1610142810 0.7980468
1610142811 0.7953613
1610142812 0.798291
1610142813 0.7975585
1610142814 0.7978027
1610142815 0.7975585
1610142816 0.8009766
1610142817 0.7951171
1610142818 0.7941405
1610142819 0.7970703
1610142820 0.7970703
1610142821 0.7960937
1610142822 0.7934081
1610142823 0.791455
1610142824 0.7973144
1610142825 0.7960937
1610142826 0.798291
1610142827 0.7995117
1610142828 0.7975585
1610142829 0.7960937
1610142830 0.7975585
1610142831 0.7946288
1610142832 0.796582
1610142833 0.7970703
1610142834 0.7973144
1610142835 0.7973144
1610142836 0.793164
1610142837 0.7973144
1610142838 0.7970703
1610142839 0.7973144
1610142840 0.7960937
1610142841 0.7970703
1610142842 0.7970703
1610142843 0.7975585
1610142844 0.7963378
1610142845 0.796582
1610142846 0.796582
1610142847 0.7992676
1610142848 0.7934081
1610142849 0.7990234
1610142850 0.7941405
1610142851 0.7882811
1610142852 0.7975585
1610142853 0.798291
1610142854 0.7975585
1610142855 0.7975585
1610142856 0.7973144
1610142857 0.7980468
1610142858 0.798291
1610142859 0.7960937
1610142860 0.7958496
1610142861 0.7963378
1610142862 0.7970703
1610142863 0.8070802
1610142864 0.796582
1610142865 0.7963378
1610142866 0.7963378
1610142867 0.7963378
1610142868 0.7958496
1610142869 0.7970703
1610142870 0.793164
1610142871 0.7960937
1610142872 0.7978027
1610142873 0.7963378
1610142874 0.7946288
1610142875 0.8039063
1610142876 0.7973144
1610142877 0.7958496
1610142878 0.798291
1610142879 0.7975585
1610142880 0.7953613
1610142881 0.7973144
1610142882 0.7963378
1610142883 0.7985351
1610142884 0.7963378
1610142885 0.796582
1610142886 0.7973144
1610142887 0.7968261
1610142888 0.7958496
1610142889 0.7958496
1610142890 0.7960937
1610142891 0.7833982
1610142892 0.7953613
1610142893 0.7963378
1610142894 0.8002441
1610142895 0.7970703
1610142896 0.8009766
1610142897 0.7980468
1610142898 0.7970703
1610142899 0.7975585
1610142900 0.7973144
1610142901 0.7963378
1610142902 0.7953613
1610142903 0.7978027
1610142904 0.7960937
1610142905 0.7958496
1610142906 0.7973144
1610142907 0.7973144
1610142908 0.793164
1610142909 0.7990234
1610142910 0.7943847
1610142911 0.7990234
1610142912 0.7970703
1610142913 0.7958496
1610142914 0.793164
1610142915 0.7956054
1610142916 0.7960937
1610142917 0.7924315
1610142918 0.7956054
1610142919 0.8
1610142920 0.7934081
1610142921 0.7978027
1610142922 0.7953613
1610142923 0.7953613
1610142924 0.7963378
1610142925 0.7963378
1610142926 0.798291
1610142927 0.7973144
1610142928 0.7968261
1610142929 0.7960937
1610142930 0.7978027
1610142931 0.7970703
1610142932 0.8024414
1610142933 0.784863
1610142934 0.7960937
1610142935 0.798291
1610142936 0.7975585
1610142937 0.7953613
1610142938 0.796582
1610142939 0.7985351
1610142940 0.7973144
1610142941 0.7985351
1610142942 0.8019531
1610142943 0.7970703
1610142944 0.7946288
1610142945 0.796582
1610142946 0.7963378
1610142947 0.7975585
1610142948 0.7958496
1610142949 0.7958496
1610142950 0.7960937
1610142951 0.7941405
1610142952 0.7970703
1610142953 0.7951171
1610142954 0.796582
1610142955 0.7980468
1610142956 0.7975585
1610142957 0.7970703
1610142958 0.7970703
1610142959 0.7973144
1610142960 0.778027
1610142961 0.7963378
1610142962 0.7960937
1610142963 0.7960937
1610142964 0.7995117
1610142965 0.8019531
1610142966 0.7960937
1610142967 0.7960937
1610142968 0.7980468
1610142969 0.7995117
1610142970 0.7992676
1610142971 0.7960937
1610142972 0.7973144
1610142973 0.7880369
1610142974 0.7956054
1610142975 0.7960937
1610142976 0.7953613
1610142977 0.7958496
1610142978 0.7975585
1610142979 0.7973144
1610142980 0.8002441
1610142981 0.7958496
1610142982 0.7978027
1610142983 0.7924315
1610142984 0.8014648
1610142985 0.796582
1610142986 0.7997559
1610142987 0.7943847
1610142988 0.7973144
1610142989 0.7956054
1610142990 0.7958496
1610142991 0.7970703
1610142992 0.8075685
1610142993 0.7973144
1610142994 0.7970703
1610142995 0.7970703
1610142996 0.796582
1610142997 0.7919433
1610142998 0.7978027
1610142999 0.7892576
1610143000 0.7980468
1610143001 0.8078126
1610143002 0.7960937
1610143003 0.796582
1610143004 0.7960937
1610143005 0.7973144
1610143006 0.7960937
1610143007 0.7956054
1610143008 0.7924315
1610143009 0.7963378
1610143010 0.7970703
1610143011 0.7951171
1610143012 0.7970703
1610143013 0.7980468
1610143014 0.7970703
1610143015 0.7956054
1610143016 0.7958496
1610143017 0.7958496
1610143018 0.7958496
1610143019 0.7963378
1610143020 0.7963378
1610143021 0.796582
1610143022 0.78999
1610143023 0.7946288
1610143024 0.7938964
1610143025 0.7963378
1610143026 0.7912108
1610143027 0.8029298
1610143028 0.7958496
1610143029 0.7936522
1610143030 0.8021973
1610143031 0.796582
1610143032 0.7978027
1610143033 0.7970703
1610143034 0.7960937
1610143035 0.7980468
1610143036 0.7980468
1610143037 0.796582
1610143038 0.7943847
1610143039 0.796582
1610143040 0.7978027
1610143041 0.7953613
1610143042 0.7841306
1610143043 0.796582
1610143044 0.7963378
1610143045 0.7987792
1610143046 0.8002441
1610143047 0.7973144
1610143048 0.798291
1610143049 0.7956054
1610143050 0.7956054
1610143051 0.796582
1610143052 0.7963378
1610143053 0.7958496
1610143054 0.7958496
1610143055 0.7946288
1610143056 0.7990234
1610143057 0.7956054
1610143058 0.7975585
1610143059 0.7963378
1610143060 0.796582
1610143061 0.7978027
1610143062 0.7934081
1610143063 0.796582
1610143064 0.7973144
1610143065 0.7929198
1610143066 0.7956054
1610143067 0.7970703
1610143068 0.7990234
1610143069 0.8129549
1610143070 0.7978027
1610143071 0.7992676
1610143072 0.7951171
1610143073 0.7980468
1610143074 0.7973144
1610143075 0.7978027
1610143076 0.796582
1610143077 0.7978027
1610143078 0.7958496
1610143079 0.7958496
1610143080 0.7941405
1610143081 0.8029298
1610143082 0.7938964
1610143083 0.7946288
1610143084 0.7973144
1610143085 0.7951171
1610143086 0.7951171
1610143087 0.7946288
1610143088 0.796582
1610143089 0.7960937
1610143090 0.796582
1610143091 0.7963378
1610143092 0.7963378
1610143093 0.798291
1610143094 0.7960937
1610143095 0.7953613
1610143096 0.796582
1610143097 0.7958496
1610143098 0.7941405
1610143099 0.7946288
1610143100 0.7919433
1610143101 0.7970703
1610143102 0.7953613
1610143103 0.796582
1610143104 0.7973144
1610143105 0.7946288
1610143106 0.796582
1610143107 0.7960937
1610143108 0.7926757
1610143109 0.7973144
1610143110 0.7973144
1610143111 0.796582
1610143112 0.7975585
1610143113 0.7978027
1610143114 0.7953613
1610143115 0.7956054
1610143116 0.7963378
1610143117 0.7960937
1610143118 0.7970703
1610143119 0.7951171
1610143120 0.7936522
1610143121 0.7975585
1610143122 0.7970703
1610143123 0.7975585
1610143124 0.7997559
1610143125 0.7963378
1610143126 0.7960937
1610143127 0.7946288
1610143128 0.7980468
1610143129 0.796582
1610143130 0.7958496
1610143131 0.7990234
1610143132 0.7973144
1610143133 0.7943847
1610143134 0.7963378
1610143135 0.7934081
1610143136 0.7953613
1610143137 0.793164
1610143138 0.8004883
1610143139 0.7980468
1610143140 0.8063478
1610143141 0.7963378
1610143142 0.7938964
1610143143 0.7978027
1610143144 0.796582
1610143145 0.7970703
1610143146 0.7975585
1610143147 0.7946288
1610143148 0.798291
1610143149 0.8078126
1610143150 0.7953613
1610143151 0.7938964
1610143152 0.798291
1610143153 0.8
1610143154 0.7956054
1610143155 0.7960937
1610143156 0.7973144
1610143157 0.7973144
1610143158 0.7973144
1610143159 0.7951171
1610143160 0.7960937
1610143161 0.7958496
1610143162 0.7963378
1610143163 0.7985351
1610143164 0.7953613
1610143165 0.7992676
1610143166 0.7951171
1610143167 0.7956054
1610143168 0.7958496
1610143169 0.7951171
1610143170 0.7958496
1610143171 0.796582
1610143172 0.7970703
1610143173 0.7973144
1610143174 0.7953613
1610143175 0.7936522
1610143176 0.7941405
1610143177 0.7941405
1610143178 0.7973144
1610143179 0.791455
1610143180 0.7960937
1610143181 0.7938964
1610143182 0.7951171
1610143183 0.7980468
1610143184 0.7968261
1610143185 0.7963378
1610143186 0.7951171
1610143187 0.7970703
1610143188 0.7951171
1610143189 0.7953613
1610143190 0.7960937
1610143191 0.7938964
1610143192 0.7973144
1610143193 0.7960937
1610143194 0.7997559
1610143195 0.7978027
1610143196 0.7936522
1610143197 0.7916991
1610143198 0.7916991
1610143199 0.7953613
1610143200 0.8012207
1610143201 0.7958496
1610143202 0.7990234
1610143203 0.7951171
1610143204 0.7973144
1610143205 0.7951171
1610143206 0.7963378
1610143207 0.7946288
1610143208 0.7938964
1610143209 0.7963378
1610143210 0.7938964
1610143211 0.7975585
1610143212 0.7970703
1610143213 0.7934081
1610143214 0.7936522
1610143215 0.7970703
1610143216 0.7953613
1610143217 0.8053712
1610143218 0.7956054
1610143219 0.7958496
1610143220 0.7951171
1610143221 0.7963378
1610143222 0.7960937
1610143223 0.7980468
1610143224 0.7943847
1610143225 0.7958496
1610143226 0.7995117
1610143227 0.7934081
1610143228 0.7953613
1610143229 0.7958496
1610143230 0.7960937
1610143231 0.7946288
1610143232 0.7956054
1610143233 0.7958496
1610143234 0.7960937
1610143235 0.7953613
1610143236 0.7946288
1610143237 0.796582
1610143238 0.7960937
1610143239 0.8048829
1610143240 0.7970703
1610143241 0.7956054
1610143242 0.7887693
1610143243 0.7953613
1610143244 0.7921874
1610143245 0.7973144
1610143246 0.7970703
1610143247 0.7953613
1610143248 0.7951171
1610143249 0.7943847
1610143250 0.7938964
1610143251 0.7938964
1610143252 0.7960937
1610143253 0.7919433
1610143254 0.7936522
1610143255 0.8090333
1610143256 0.7960937
1610143257 0.7951171
1610143258 0.7970703
1610143259 0.7960937
1610143260 0.7953613
1610143261 0.7973144
1610143262 0.7973144
1610143263 0.7970703
1610143264 0.7941405
1610143265 0.7956054
1610143266 0.7958496
1610143267 0.7960937
1610143268 0.7951171
1610143269 0.7958496
1610143270 0.7956054
1610143271 0.7958496
1610143272 0.7956054
1610143273 0.7958496
1610143274 0.7960937
1610143275 0.7938964
1610143276 0.7956054
1610143277 0.7958496
1610143278 0.7953613
1610143279 0.7951171
1610143280 0.7946288
1610143281 0.8004883
1610143282 0.7956054
1610143283 0.7970703
1610143284 0.796582
1610143285 0.7938964
1610143286 0.7953613
1610143287 0.7960937
1610143288 0.7951171
1610143289 0.7956054
1610143290 0.7951171
1610143291 0.7929198
1610143292 0.7938964
1610143293 0.7926757
1610143294 0.7978027
1610143295 0.7956054
1610143296 0.7951171
1610143297 0.7941405
1610143298 0.7960937
1610143299 0.7958496
1610143300 0.7963378
1610143301 0.7958496
1610143302 0.7951171
1610143303 0.7978027
1610143304 0.7951171
1610143305 0.7946288
1610143306 0.7929198
1610143307 0.7953613
1610143308 0.7951171
1610143309 0.7956054
1610143310 0.7970703
1610143311 0.7846189
1610143312 0.7929198
1610143313 0.7975585
1610143314 0.7951171
1610143315 0.7938964
1610143316 0.7960937
1610143317 0.7951171
1610143318 0.7921874
1610143319 0.7953613
1610143320 0.7960937
1610143321 0.7951171
1610143322 0.7929198
1610143323 0.7973144
1610143324 0.7956054
1610143325 0.7951171
1610143326 0.7958496
1610143327 0.798291
1610143328 0.7956054
1610143329 0.796582
1610143330 0.7951171
1610143331 0.7941405
1610143332 0.7956054
1610143333 0.7926757
1610143334 0.7973144
1610143335 0.7951171
1610143336 0.7973144
1610143337 0.7960937
1610143338 0.7958496
1610143339 0.7953613
1610143340 0.7953613
1610143341 0.7951171
1610143342 0.7951171
1610143343 0.798291
1610143344 0.7958496
1610143345 0.7924315
1610143346 0.7975585
1610143347 0.7958496
1610143348 0.7963378
1610143349 0.7943847
1610143350 0.7953613
1610143351 0.7970703
1610143352 0.7953613
1610143353 0.7953613
1610143354 0.7970703
1610143355 0.7951171
1610143356 0.7938964
1610143357 0.7943847
1610143358 0.8268711
1610143359 0.7951171
1610143360 0.7938964
1610143361 0.7951171
1610143362 0.7934081
1610143363 0.7941405
1610143364 0.7926757
1610143365 0.7960937
1610143366 0.7978027
1610143367 0.7958496
1610143368 0.8002441
1610143369 0.7953613
1610143370 0.7958496
1610143371 0.7951171
1610143372 0.7951171
1610143373 0.7919433
1610143374 0.7941405
1610143375 0.7953613
1610143376 0.7963378
1610143377 0.7938964
1610143378 0.7912108
1610143379 0.7975585
1610143380 0.7970703
1610143381 0.7946288
1610143382 0.7946288
1610143383 0.7956054
1610143384 0.7951171
1610143385 0.798291
1610143386 0.7943847
1610143387 0.7956054
1610143388 0.7934081
1610143389 0.7956054
1610143390 0.7953613
1610143391 0.7956054
1610143392 0.7973144
1610143393 0.791455
1610143394 0.7916991
1610143395 0.7956054
1610143396 0.7956054
1610143397 0.7924315
1610143398 0.7946288
1610143399 0.7958496
1610143400 0.7943847
1610143401 0.7929198
1610143402 0.7934081
1610143403 0.7946288
1610143404 0.7953613
1610143405 0.7953613
1610143406 0.7921874
1610143407 0.7938964
1610143408 0.7938964
1610143409 0.7975585
1610143410 0.7936522
1610143411 0.7929198
1610143412 0.7963378
1610143413 0.8019531
1610143414 0.7934081
1610143415 0.7941405
1610143416 0.7936522
1610143417 0.7943847
1610143418 0.7951171
1610143419 0.7953613
1610143420 0.7882811
1610143421 0.7946288
1610143422 0.7943847
1610143423 0.7921874
1610143424 0.7924315
1610143425 0.7975585
1610143426 0.7958496
1610143427 0.7973144
1610143428 0.7924315
1610143429 0.7941405
1610143430 0.7956054
1610143431 0.7941405
1610143432 0.7963378
1610143433 0.7936522
1610143434 0.7912108
1610143435 0.7921874
1610143436 0.778027
1610143437 0.7946288
1610143438 0.7953613
1610143439 0.7941405
1610143440 0.793164
1610143441 0.7946288
1610143442 0.7934081
1610143443 0.7941405
1610143444 0.7904783
1610143445 0.7921874
1610143446 0.7929198
1610143447 0.7943847
1610143448 0.7934081
1610143449 0.7941405
1610143450 0.7943847
1610143451 0.7951171
1610143452 0.7960937
1610143453 0.7941405
1610143454 0.7956054
1610143455 0.7953613
1610143456 0.7951171
1610143457 0.7938964
1610143458 0.7938964
1610143459 0.7912108
1610143460 0.7936522
1610143461 0.7946288
1610143462 0.796582
1610143463 0.7958496
1610143464 0.7936522
1610143465 0.7934081
1610143466 0.7934081
1610143467 0.7956054
1610143468 0.7943847
1610143469 0.7943847
1610143470 0.7958496
1610143471 0.7946288
1610143472 0.7958496
1610143473 0.7953613
1610143474 0.7934081
1610143475 0.7921874
1610143476 0.7938964
1610143477 0.7968261
1610143478 0.7958496
1610143479 0.7943847
1610143480 0.7958496
1610143481 0.7958496
1610143482 0.7943847
1610143483 0.7946288
1610143484 0.796582
1610143485 0.7951171
1610143486 0.7958496
1610143487 0.7943847
1610143488 0.7938964
1610143489 0.793164
1610143490 0.7941405
1610143491 0.793164
1610143492 0.7946288
1610143493 0.7938964
1610143494 0.7956054
1610143495 0.7941405
1610143496 0.7956054
1610143497 0.7997559
1610143498 0.7936522
1610143499 0.7970703
1610143500 0.7938964
1610143501 0.7995117
1610143502 0.7936522
1610143503 0.7755856
1610143504 0.7943847
1610143505 0.7985351
1610143506 0.7958496
1610143507 0.7938964
1610143508 0.7916991
1610143509 0.7943847
1610143510 0.7951171
1610143511 0.7943847
1610143512 0.7943847
1610143513 0.7934081
1610143514 0.7941405
1610143515 0.7956054
1610143516 0.7921874
1610143517 0.7946288
1610143518 0.7946288
1610143519 0.7963378
1610143520 0.7943847
1610143521 0.7951171
1610143522 0.7804685
1610143523 0.8073243
1610143524 0.7897459
1610143525 0.793164
1610143526 0.7951171
1610143527 0.7936522
1610143528 0.7943847
1610143529 0.7956054
1610143530 0.7953613
1610143531 0.8004883
1610143532 0.7951171
1610143533 0.7936522
1610143534 0.7958496
1610143535 0.7936522
1610143536 0.7904783
1610143537 0.7943847
1610143538 0.7938964
1610143539 0.796582
1610143540 0.7951171
1610143541 0.7941405
1610143542 0.805127
1610143543 0.7860837
1610143544 0.7926757
1610143545 0.7916991
1610143546 0.7951171
1610143547 0.7953613
1610143548 0.7936522
1610143549 0.7938964
1610143550 0.7963378
1610143551 0.794873
1610143552 0.7953613
1610143553 0.7963378
1610143554 0.7938964
1610143555 0.7946288
1610143556 0.7943847
1610143557 0.793164
1610143558 0.7943847
1610143559 0.7958496
1610143560 0.7953613
1610143561 0.7926757
1610143562 0.7941405
1610143563 0.7936522
1610143564 0.7936522
1610143565 0.7924315
1610143566 0.7956054
1610143567 0.7975585
1610143568 0.7958496
1610143569 0.7951171
1610143570 0.7858396
1610143571 0.7943847
1610143572 0.7938964
1610143573 0.7938964
1610143574 0.7943847
1610143575 0.7941405
1610143576 0.7934081
1610143577 0.7970703
1610143578 0.7941405
1610143579 0.7960937
1610143580 0.7943847
1610143581 0.7851072
1610143582 0.7936522
1610143583 0.7943847
1610143584 0.7868162
1610143585 0.801709
1610143586 0.7938964
1610143587 0.7946288
1610143588 0.7936522
1610143589 0.7943847
1610143590 0.7941405
1610143591 0.794873
1610143592 0.7943847
1610143593 0.7924315
1610143594 0.7958496
1610143595 0.7926757
1610143596 0.8029298
1610143597 0.7943847
1610143598 0.7934081
1610143599 0.7936522
1610143600 0.7904783
1610143601 0.793164
1610143602 0.7946288
1610143603 0.793164
1610143604 0.7926757
1610143605 0.7941405
1610143606 0.7919433
1610143607 0.7934081
1610143608 0.7995117
1610143609 0.7851072
1610143610 0.7941405
1610143611 0.7951171
1610143612 0.7929198
1610143613 0.7824216
1610143614 0.7958496
1610143615 0.7941405
1610143616 0.7938964
1610143617 0.7880369
1610143618 0.7943847
1610143619 0.7943847
1610143620 0.7936522
1610143621 0.7941405
1610143622 0.7938964
1610143623 0.7916991
1610143624 0.7958496
1610143625 0.7941405
1610143626 0.7934081
1610143627 0.796582
1610143628 0.791455
1610143629 0.7934081
1610143630 0.7934081
1610143631 0.7970703
1610143632 0.7953613
1610143633 0.7934081
1610143634 0.7902342
1610143635 0.7936522
1610143636 0.7963378
1610143637 0.7934081
1610143638 0.7924315
1610143639 0.7960937
1610143640 0.7951171
1610143641 0.7943847
1610143642 0.7958496
1610143643 0.7938964
1610143644 0.7958496
1610143645 0.7909666
1610143646 0.7941405
1610143647 0.793164
1610143648 0.7936522
1610143649 0.7941405
1610143650 0.794873
1610143651 0.7936522
1610143652 0.7943847
1610143653 0.7916991
1610143654 0.7924315
1610143655 0.7934081
1610143656 0.7963378
1610143657 0.7936522
1610143658 0.8004883
1610143659 0.793164
1610143660 0.7943847
1610143661 0.7960937
1610143662 0.8012207
1610143663 0.7936522
1610143664 0.7956054
1610143665 0.7938964
1610143666 0.793164
1610143667 0.7943847
1610143668 0.8078126
1610143669 0.7936522
1610143670 0.7938964
1610143671 0.7946288
1610143672 0.7934081
1610143673 0.7929198
1610143674 0.8043946
1610143675 0.7951171
1610143676 0.7943847
1610143677 0.7934081
1610143678 0.7936522
1610143679 0.7938964
1610143680 0.7951171
1610143681 0.7943847
1610143682 0.793164
1610143683 0.7936522
1610143684 0.798291
1610143685 0.7951171
1610143686 0.7936522
1610143687 0.7956054
1610143688 0.7934081
1610143689 0.7887693
1610143690 0.7941405
1610143691 0.7934081
1610143692 0.7689937
1610143693 0.7938964
1610143694 0.7943847
1610143695 0.7926757
1610143696 0.793164
1610143697 0.7921874
1610143698 0.7936522
1610143699 0.7973144
1610143700 0.7921874
1610143701 0.7953613
1610143702 0.7953613
1610143703 0.7951171
1610143704 0.8185702
1610143705 0.7934081
1610143706 0.7951171
1610143707 0.7926757
1610143708 0.793164
1610143709 0.7943847
1610143710 0.7943847
1610143711 0.7958496
1610143712 0.7938964
1610143713 0.7873045
1610143714 0.7941405
1610143715 0.7943847
1610143716 0.7943847
1610143717 0.7973144
1610143718 0.7953613
1610143719 0.7926757
1610143720 0.7943847
1610143721 0.7929198
1610143722 0.7938964
1610143723 0.7941405
1610143724 0.7938964
1610143725 0.7963378
1610143726 0.794873
1610143727 0.7936522
1610143728 0.7934081
1610143729 0.7956054
1610143730 0.7970703
1610143731 0.7919433
1610143732 0.7938964
1610143733 0.793164
1610143734 0.7975585
1610143735 0.7934081
1610143736 0.7929198
1610143737 0.7938964
1610143738 0.7877928
1610143739 0.7946288
1610143740 0.7934081
1610143741 0.7936522
1610143742 0.793164
1610143743 0.7953613
1610143744 0.7941405
1610143745 0.7902342
1610143746 0.7943847
1610143747 0.7924315
1610143748 0.7936522
1610143749 0.7960937
1610143750 0.7934081
1610143751 0.7895018
1610143752 0.7936522
1610143753 0.7968261
1610143754 0.7936522
1610143755 0.7936522
1610143756 0.793164
1610143757 0.7936522
1610143758 0.7951171
1610143759 0.7938964
1610143760 0.7941405
1610143761 0.7936522
1610143762 0.7941405
1610143763 0.7941405
1610143764 0.7909666
1610143765 0.7943847
1610143766 0.794873
1610143767 0.7941405
1610143768 0.793164
1610143769 0.793164
1610143770 0.7934081
1610143771 0.7936522
1610143772 0.7934081
1610143773 0.793164
1610143774 0.7924315
1610143775 0.7938964
1610143776 0.7943847
1610143777 0.7938964
1610143778 0.7926757
1610143779 0.7919433
1610143780 0.7926757
1610143781 0.7936522
1610143782 0.7934081
1610143783 0.78999
1610143784 0.7934081
1610143785 0.8004883
1610143786 0.7953613
1610143787 0.7921874
1610143788 0.7934081
1610143789 0.7924315
1610143790 0.7938964
1610143791 0.7941405
1610143792 0.7938964
1610143793 0.793164
1610143794 0.793164
1610143795 0.7938964
1610143796 0.7929198
1610143797 0.7892576
1610143798 0.7946288
1610143799 0.7953613
1610143800 0.794873
1610143801 0.7936522
1610143802 0.7924315
1610143803 0.7916991
1610143804 0.7936522
1610143805 0.7946288
1610143806 0.7938964
1610143807 0.7978027
1610143808 0.7921874
1610143809 0.7953613
1610143810 0.793164
1610143811 0.7963378
1610143812 0.7904783
1610143813 0.7938964
1610143814 0.7938964
1610143815 0.8031739
1610143816 0.7851072
1610143817 0.7938964
1610143818 0.7958496
1610143819 0.7938964
1610143820 0.7924315
1610143821 0.7924315
1610143822 0.7924315
1610143823 0.7550774
1610143824 0.7924315
1610143825 0.7946288
1610143826 0.7924315
1610143827 0.793164
1610143828 0.7938964
1610143829 0.7936522
1610143830 0.7904783
1610143831 0.7934081
1610143832 0.7936522
1610143833 0.7938964
1610143834 0.7953613
1610143835 0.7951171
1610143836 0.7919433
1610143837 0.793164
1610143838 0.7958496
1610143839 0.7895018
1610143840 0.7921874
1610143841 0.7941405
1610143842 0.7934081
1610143843 0.7963378
1610143844 0.791455
1610143845 0.7934081
1610143846 0.7880369
1610143847 0.7943847
1610143848 0.793164
1610143849 0.7926757
1610143850 0.798291
1610143851 0.7941405
1610143852 0.7956054
1610143853 0.7924315
1610143854 0.7897459
1610143855 0.7924315
1610143856 0.7938964
1610143857 0.7919433
1610143858 0.7938964
1610143859 0.7943847
1610143860 0.7941405
1610143861 0.7904783
1610143862 0.793164
1610143863 0.7934081
1610143864 0.7868162
1610143865 0.793164
1610143866 0.7895018
1610143867 0.7926757
1610143868 0.7951171
1610143869 0.7921874
1610143870 0.7919433
1610143871 0.7956054
1610143872 0.7938964
1610143873 0.7946288
1610143874 0.7936522
1610143875 0.7951171
1610143876 0.7902342
1610143877 0.794873
1610143878 0.7924315
1610143879 0.7970703
1610143880 0.7934081
1610143881 0.7934081
1610143882 0.7912108
1610143883 0.7936522
1610143884 0.7938964
1610143885 0.7926757
1610143886 0.7943847
1610143888 0.7924315
1610143889 0.7919433
1610143890 0.7926757
1610143891 0.7924315
1610143892 0.7960937
1610143893 0.7926757
1610143894 0.7953613
1610143895 0.7936522
1610143896 0.7938964
1610143897 0.7963378
1610143898 0.7880369
1610143899 0.7953613
1610143900 0.7885252
1610143901 0.7924315
1610143902 0.7909666
1610143903 0.7929198
1610143904 0.7936522
1610143905 0.7926757
1610143906 0.793164
1610143907 0.7934081
1610143908 0.7924315
1610143909 0.7924315
1610143910 0.7921874
1610143911 0.7926757
1610143912 0.7941405
1610143913 0.8029298
1610143914 0.7943847
1610143915 0.7958496
1610143916 0.7943847
1610143917 0.7934081
1610143918 0.7929198
1610143919 0.7924315
1610143920 0.7919433
1610143921 0.794873
1610143922 0.7924315
1610143923 0.7943847
1610143924 0.7929198
1610143925 0.7941405
1610143926 0.7934081
1610143927 0.793164
1610143928 0.7885252
1610143929 0.7934081
1610143930 0.7924315
1610143931 0.7936522
1610143932 0.7885252
1610143933 0.793164
1610143934 0.7941405
1610143935 0.7943847
1610143936 0.7897459
1610143937 0.7921874
1610143938 0.7946288
1610143939 0.7936522
1610143940 0.7929198
1610143941 0.7919433
1610143942 0.7943847
1610143943 0.7963378
1610143944 0.7926757
1610143945 0.7943847
1610143946 0.7926757
1610143947 0.7855955
1610143948 0.7956054
1610143949 0.7958496
1610143950 0.7924315
1610143951 0.793164
1610143952 0.7934081
1610143953 0.7921874
1610143954 0.7907225
1610143955 0.7946288
1610143956 0.7943847
1610143957 0.7921874
1610143958 0.7926757
1610143959 0.7926757
1610143960 0.7958496
1610143961 0.7951171
1610143962 0.793164
1610143963 0.7897459
1610143964 0.791455
1610143965 0.7890135
1610143966 0.7926757
1610143967 0.7941405
1610143968 0.7926757
1610143969 0.7924315
1610143970 0.7943847
1610143971 0.793164
1610143972 0.7973144
1610143973 0.7916991
1610143974 0.7943847
1610143975 0.7929198
1610143976 0.793164
1610143977 0.7929198
1610143978 0.7921874
1610143979 0.7943847
1610143980 0.7934081
1610143981 0.793164
1610143982 0.7934081
1610143983 0.7919433
1610143984 0.7938964
1610143985 0.7926757
1610143986 0.7938964
1610143987 0.7924315
1610143988 0.7902342
1610143989 0.7902342
1610143990 0.7880369
1610143991 0.7926757
1610143992 0.793164
1610143993 0.793164
1610143994 0.7919433
1610143995 0.7934081
1610143996 0.7929198
1610143997 0.7953613
1610143998 0.7938964
1610143999 0.7934081
1610144000 0.7880369
1610144001 0.7921874
1610144002 0.7907225
1610144003 0.7926757
1610144004 0.7985351
1610144005 0.7926757
1610144006 0.7938964
1610144007 0.793164
1610144008 0.7938964
1610144009 0.7887693
1610144010 0.7938964
1610144011 0.7921874
1610144012 0.7926757
1610144013 0.7919433
1610144014 0.7929198
1610144015 0.7941405
1610144016 0.7907225
1610144017 0.7958496
1610144018 0.7924315
1610144019 0.7951171
1610144020 0.793164
1610144021 0.7941405
1610144022 0.7924315
1610144023 0.793164
1610144024 0.7941405
1610144025 0.7924315
1610144026 0.7926757
1610144027 0.7936522
1610144028 0.7956054
1610144029 0.7938964
1610144030 0.7934081
1610144031 0.7921874
1610144032 0.793164
1610144033 0.7953613
1610144034 0.793164
1610144035 0.7921874
1610144036 0.7924315
1610144037 0.8031739
1610144038 0.7946288
1610144039 0.7934081
1610144040 0.8009766
1610144041 0.7936522
1610144042 0.7926757
1610144043 0.791455
1610144044 0.7936522
1610144045 0.7895018
1610144046 0.7946288
1610144047 0.7921874
1610144048 0.7960937
1610144049 0.7938964
1610144050 0.793164
1610144051 0.7938964
1610144052 0.7941405
1610144053 0.7926757
1610144054 0.7916991
1610144055 0.7943847
1610144056 0.7936522
1610144057 0.7907225
1610144058 0.7919433
1610144059 0.7921874
1610144060 0.7924315
1610144061 0.7921874
1610144062 0.7921874
1610144063 0.7941405
1610144064 0.7953613
1610144065 0.7838865
1610144066 0.7929198
1610144067 0.8031739
1610144068 0.7882811
1610144069 0.793164
1610144070 0.7926757
1610144071 0.7926757
1610144072 0.7956054
1610144073 0.793164
1610144074 0.7934081
1610144075 0.7890135
1610144076 0.7938964
1610144077 0.7904783
1610144078 0.7919433
1610144079 0.7934081
1610144080 0.7921874
1610144081 0.7916991
1610144082 0.793164
1610144083 0.7943847
1610144084 0.7941405
1610144085 0.7926757
1610144086 0.7926757
1610144087 0.7926757
1610144088 0.7892576
1610144089 0.7924315
1610144090 0.793164
1610144091 0.7921874
1610144092 0.7943847
1610144093 0.7885252
1610144094 0.7924315
1610144095 0.7916991
1610144096 0.7926757
1610144097 0.793164
1610144098 0.8092774
1610144099 0.7963378
1610144100 0.7924315
1610144101 0.7938964
1610144102 0.7912108
1610144103 0.7936522
1610144104 0.7892576
1610144105 0.7934081
1610144106 0.7895018
1610144107 0.7936522
1610144108 0.7819333
1610144109 0.78999
1610144110 0.7912108
1610144111 0.7875486
1610144112 0.7946288
1610144113 0.7904783
1610144114 0.7934081
1610144115 0.7907225
1610144116 0.7916991
1610144117 0.7924315
1610144118 0.7921874
1610144119 0.7936522
1610144120 0.7926757
1610144121 0.7956054
1610144122 0.7951171
1610144123 0.7938964
1610144124 0.7924315
1610144125 0.7929198
1610144126 0.7924315
1610144127 0.7890135
1610144128 0.7919433
1610144129 0.7926757
1610144130 0.7919433
1610144131 0.793164
1610144132 0.7919433
1610144133 0.7921874
1610144134 0.8087892
1610144135 0.7926757
1610144136 0.7924315
1610144137 0.7926757
1610144138 0.7912108
1610144139 0.7921874
1610144140 0.7897459
1610144141 0.7934081
1610144142 0.7902342
1610144143 0.7897459
1610144144 0.7921874
1610144145 0.7919433
1610144146 0.7868162
1610144147 0.7934081
1610144148 0.7919433
1610144149 0.7846189
1610144150 0.7892576
1610144151 0.7926757
1610144152 0.793164
1610144153 0.7921874
1610144154 0.7941405
1610144155 0.796582
1610144156 0.7924315
1610144157 0.7943847
1610144158 0.7912108
1610144159 0.796582
1610144160 0.7921874
1610144161 0.7921874
1610144162 0.7924315
1610144163 0.7936522
1610144164 0.7970703
1610144165 0.7919433
1610144166 0.7938964
1610144167 0.7995117
1610144168 0.793164
1610144169 0.7938964
1610144170 0.7882811
1610144171 0.7924315
1610144172 0.793164
1610144173 0.7921874
1610144174 0.793164
1610144175 0.7921874
1610144176 0.7941405
1610144177 0.7936522
1610144178 0.7929198
1610144179 0.8043946
1610144180 0.793164
1610144181 0.7934081
1610144182 0.7921874
1610144183 0.7926757
1610144184 0.793164
1610144185 0.793164
1610144186 0.793164
1610144187 0.7887693
1610144188 0.7921874
1610144189 0.7877928
1610144190 0.7941405
1610144191 0.7936522
1610144192 0.7938964
1610144193 0.7909666
1610144194 0.7926757
1610144195 0.7919433
1610144196 0.7921874
1610144197 0.7919433
1610144198 0.7941405
1610144199 0.7941405
1610144200 0.791455
1610144201 0.7924315
1610144202 0.7926757
1610144203 0.7926757
1610144204 0.8036622
1610144205 0.793164
1610144206 0.7924315
1610144207 0.7963378
1610144208 0.78999
1610144209 0.7924315
1610144210 0.7941405
1610144211 0.7919433
1610144212 0.7921874
1610144213 0.7926757
1610144214 0.7885252
1610144215 0.794873
1610144216 0.7858396
1610144217 0.7943847
1610144218 0.7924315
1610144219 0.793164
1610144220 0.793164
1610144221 0.7572747
1610144222 0.7924315
1610144223 0.793164
1610144224 0.7921874
1610144225 0.7924315
1610144226 0.791455
1610144227 0.7926757
1610144228 0.7924315
1610144229 0.791455
1610144230 0.793164
1610144231 0.7890135
1610144232 0.7926757
1610144233 0.7970703
1610144234 0.7924315
1610144235 0.7912108
1610144236 0.7924315
1610144237 0.793164
1610144238 0.7953613
1610144239 0.793164
1610144240 0.7916991
1610144241 0.793164
1610144242 0.7919433
1610144243 0.7936522
1610144244 0.7941405
1610144245 0.7919433
1610144246 0.7921874
1610144247 0.7921874
1610144248 0.7926757
1610144249 0.7926757
1610144250 0.7960937
1610144251 0.7907225
1610144252 0.7956054
1610144253 0.7921874
1610144254 0.793164
1610144255 0.7921874
1610144256 0.7924315
1610144257 0.7919433
1610144258 0.7765622
1610144259 0.7921874
1610144260 0.7921874
1610144261 0.7904783
1610144262 0.7926757
1610144263 0.7924315
1610144264 0.7924315
1610144265 0.7863279
1610144266 0.7919433
1610144267 0.7892576
1610144268 0.7929198
1610144269 0.7921874
1610144270 0.7904783
1610144271 0.7921874
1610144272 0.7921874
1610144273 0.7941405
1610144274 0.7921874
1610144275 0.7921874
1610144276 0.78999
1610144277 0.7938964
1610144278 0.7912108
1610144279 0.7919433
1610144280 0.7934081
1610144281 0.7919433
1610144282 0.7924315
1610144283 0.791455
1610144284 0.7912108
1610144285 0.7978027
1610144286 0.7916991
1610144287 0.7938964
1610144288 0.7892576
1610144289 0.7919433
1610144290 0.7934081
1610144291 0.7916991
1610144292 0.7926757
1610144293 0.7924315
1610144294 0.8024414
1610144295 0.791455
1610144296 0.7919433
1610144297 0.7924315
1610144298 0.801709
1610144299 0.7938964
1610144300 0.78999
1610144301 0.7926757
1610144302 0.7926757
1610144303 0.7916991
1610144304 0.7916991
1610144305 0.7924315
1610144306 0.7963378
1610144307 0.8234531
1610144308 0.7941405
1610144309 0.7802243
1610144310 0.7926757
1610144311 0.7924315
1610144312 0.7924315
1610144313 0.7926757
1610144314 0.7919433
1610144315 0.7929198
1610144316 0.7946288
1610144317 0.7968261
1610144318 0.793164
1610144319 0.791455
1610144320 0.7892576
1610144321 0.7919433
1610144322 0.7919433
1610144323 0.7399252
1610144324 0.7936522
1610144325 0.7907225
1610144326 0.7941405
1610144327 0.7926757
