1609802080 0.3812009
1609802082 0.3865721
1609802084 0.3863279
1609802086 0.3863279
1609802088 0.3868162
1609802090 0.3855955
1609802092 0.3882811
1609802094 0.3865721
1609802096 0.3860838
1609802098 0.3875486
1609802100 0.3863279
1609802102 0.3899901
1609802104 0.3858397
1609802106 0.3855955
1609802108 0.3863279
1609802110 0.3863279
1609802112 0.3858397
1609802114 0.3860838
1609802116 0.3870604
1609802118 0.3855955
1609802120 0.3858397
1609802122 0.3858397
1609802124 0.3873045
1609802126 0.3851072
1609802128 0.3855955
1609802130 0.3858397
1609802132 0.3841306
1609802134 0.3868162
1609802136 0.3860838
1609802138 0.3860838
1609802140 0.379736
1609802142 0.3860838
1609802144 0.3863279
1609802146 0.3868162
1609802148 0.3858397
1609802150 0.384863
1609802152 0.3858397
1609802154 0.3860838
1609802156 0.3858397
1609802158 0.3860838
1609802160 0.3855955
1609802162 0.384863
1609802164 0.3855955
1609802166 0.3829099
1609802168 0.3853513
1609802170 0.3855955
1609802172 0.3868162
1609802174 0.3855955
1609802176 0.3853513
1609802178 0.3853513
1609802180 0.3860838
1609802182 0.3863279
1609802184 0.3868162
1609802186 0.3860838
1609802188 0.3853513
1609802190 0.3870604
1609802192 0.3863279
1609802194 0.3855955
1609802196 0.3860838
1609802198 0.3868162
1609802200 0.3853513
1609802202 0.3860838
1609802204 0.3858397
1609802206 0.3853513
1609802208 0.3858397
1609802210 0.3860838
1609802212 0.3863279
1609802214 0.3858397
1609802216 0.3863279
1609802218 0.3860838
1609802220 0.3851072
1609802222 0.3860838
1609802224 0.3873045
1609802226 0.379736
1609802228 0.3860838
1609802230 0.3858397
1609802232 0.3855955
1609802234 0.3841306
1609802236 0.3873045
1609802238 0.3860838
1609802240 0.3860838
1609802242 0.3863279
1609802244 0.3853513
1609802246 0.3843748
1609802248 0.3855955
1609802250 0.3873045
1609802252 0.3855955
1609802254 0.3890135
1609802256 0.3812009
1609802258 0.3858397
1609802260 0.3860838
1609802262 0.3855955
1609802264 0.3855955
1609802266 0.3855955
1609802268 0.3851072
1609802270 0.3858397
1609802272 0.3855955
1609802274 0.3855955
1609802276 0.3858397
1609802278 0.3858397
1609802280 0.3873045
1609802282 0.3853513
1609802284 0.3863279
1609802286 0.3851072
1609802288 0.3860838
1609802290 0.3841306
1609802292 0.3853513
1609802294 0.3855955
1609802296 0.3858397
1609802298 0.3851072
1609802300 0.3843748
1609802302 0.3858397
1609802304 0.3892576
1609802306 0.3919432
1609802308 0.3877928
1609802310 0.3882811
1609802312 0.3892576
1609802314 0.3895018
1609802316 0.3892576
1609802318 0.3892576
1609802320 0.3880369
1609802322 0.3880369
1609802324 0.3880369
1609802326 0.3880369
1609802328 0.3875486
1609802330 0.3895018
1609802332 0.3877928
1609802334 0.3873045
1609802336 0.3880369
1609802338 0.3880369
1609802340 0.3887694
1609802342 0.3877928
1609802344 0.3863279
1609802346 0.3873045
1609802348 0.3899901
1609802350 0.3887694
1609802352 0.3887694
1609802354 0.3860838
1609802356 0.3875486
1609802358 0.3860838
1609802360 0.3877928
1609802362 0.3880369
1609802364 0.3870604
1609802366 0.3873045
1609802368 0.3868162
1609802370 0.3877928
1609802372 0.3880369
1609802374 0.3877928
1609802376 0.3877928
1609802378 0.3863279
1609802380 0.3880369
1609802382 0.3882811
1609802384 0.3895018
1609802386 0.3880369
1609802388 0.3880369
1609802390 0.3877928
1609802392 0.3882811
1609802394 0.3875486
1609802396 0.3873045
1609802398 0.3880369
1609802400 0.3890135
1609802402 0.3877928
1609802404 0.3873045
1609802406 0.389746
1609802408 0.3880369
1609802410 0.3877928
1609802412 0.3882811
1609802414 0.3875486
1609802416 0.3870604
1609802418 0.3880369
1609802420 0.3880369
1609802422 0.3870604
1609802424 0.3860838
1609802426 0.3899901
1609802428 0.3880369
1609802430 0.3880369
1609802432 0.3882811
1609802434 0.3870604
1609802436 0.3873045
1609802438 0.3877928
1609802440 0.3882811
1609802442 0.3880369
1609802444 0.3853513
1609802446 0.3880369
1609802448 0.3880369
1609802450 0.389746
1609802452 0.3877928
1609802454 0.3887694
1609802456 0.3887694
1609802458 0.3877928
1609802460 0.3885252
1609802462 0.3875486
1609802464 0.3877928
1609802466 0.3873045
1609802468 0.3875486
1609802470 0.383154
1609802472 0.3809567
1609802474 0.3877928
1609802476 0.3877928
1609802478 0.3880369
1609802480 0.3873045
1609802482 0.3880369
1609802484 0.3877928
1609802486 0.3887694
1609802488 0.3880369
1609802490 0.3880369
1609802492 0.3875486
1609802494 0.3892576
1609802496 0.3877928
1609802498 0.3877928
1609802500 0.3880369
1609802502 0.3877928
1609802504 0.3865721
1609802506 0.3870604
1609802508 0.3877928
1609802510 0.3877928
1609802512 0.3855955
1609802514 0.3875486
1609802516 0.3873045
1609802518 0.3882811
1609802520 0.3753414
1609802522 0.3880369
1609802524 0.384863
1609802526 0.3880369
1609802528 0.3851072
1609802530 0.3877928
1609802532 0.3890135
1609802534 0.3873045
1609802536 0.3887694
1609802538 0.3877928
1609802540 0.3887694
1609802542 0.3863279
1609802544 0.3873045
1609802546 0.3870604
1609802548 0.3870604
1609802550 0.3870604
1609802552 0.3873045
1609802554 0.3870604
1609802556 0.3863279
1609802558 0.3870604
1609802560 0.3873045
1609802562 0.3851072
1609802564 0.3865721
1609802566 0.3868162
1609802568 0.3877928
1609802570 0.3855955
1609802572 0.3868162
1609802574 0.3875486
1609802576 0.3880369
1609802578 0.3870604
1609802580 0.3870604
1609802582 0.3880369
1609802584 0.3892576
1609802586 0.3868162
1609802588 0.3875486
1609802590 0.3870604
1609802592 0.3860838
1609802594 0.3868162
1609802596 0.3887694
1609802598 0.3865721
1609802600 0.3870604
1609802602 0.3877928
1609802604 0.3875486
1609802606 0.3870604
1609802608 0.3868162
1609802610 0.3887694
1609802612 0.3868162
1609802614 0.3868162
1609802616 0.3868162
1609802618 0.3868162
1609802620 0.3870604
1609802622 0.3868162
1609802624 0.3868162
1609802626 0.3868162
1609802628 0.3863279
1609802630 0.3880369
1609802632 0.3875486
1609802634 0.3863279
1609802636 0.3851072
1609802638 0.3851072
1609802640 0.3858397
1609802642 0.3877928
1609802644 0.3870604
1609802646 0.3870604
1609802648 0.3868162
1609802650 0.3877928
1609802652 0.3863279
1609802654 0.3860838
1609802656 0.3860838
1609802658 0.3863279
1609802660 0.3860838
1609802662 0.3863279
1609802664 0.3875486
1609802666 0.3873045
1609802668 0.3855955
1609802670 0.3868162
1609802672 0.3882811
1609802674 0.3880369
1609802676 0.3821775
1609802678 0.3865721
1609802680 0.3882811
1609802682 0.3870604
1609802684 0.3868162
1609802686 0.3870604
1609802688 0.3870604
1609802690 0.3880369
1609802692 0.3887694
1609802694 0.3868162
1609802696 0.3863279
1609802698 0.3851072
1609802700 0.3880369
1609802702 0.3868162
1609802704 0.3873045
1609802706 0.3873045
1609802708 0.3870604
1609802710 0.3870604
1609802712 0.3868162
1609802714 0.3873045
1609802716 0.3870604
1609802718 0.3870604
1609802720 0.3873045
1609802722 0.3870604
1609802724 0.3873045
1609802726 0.3870604
1609802728 0.3868162
1609802730 0.3870604
1609802732 0.3858397
1609802734 0.3868162
1609802736 0.3868162
1609802738 0.3873045
1609802740 0.3873045
1609802742 0.3868162
1609802744 0.3873045
1609802746 0.3865721
1609802748 0.3875486
1609802750 0.3865721
1609802752 0.3912108
1609802754 0.3870604
1609802756 0.3855955
1609802758 0.3870604
1609802760 0.3863279
1609802762 0.3868162
1609802764 0.3873045
1609802766 0.3865721
1609802768 0.3870604
1609802770 0.3870604
1609802772 0.3863279
1609802774 0.3875486
1609802776 0.3863279
1609802778 0.3863279
1609802780 0.3863279
1609802782 0.3863279
1609802784 0.3875486
1609802786 0.383154
1609802788 0.3890135
1609802790 0.3868162
1609802792 0.3873045
1609802794 0.3877928
1609802796 0.3870604
1609802798 0.3863279
1609802800 0.3875486
1609802802 0.3875486
1609802804 0.3877928
1609802806 0.3873045
1609802808 0.3875486
1609802810 0.3873045
1609802812 0.3877928
1609802814 0.3877928
1609802816 0.3858397
1609802818 0.3873045
1609802820 0.3895018
1609802822 0.3860838
1609802824 0.3868162
1609802826 0.3868162
1609802828 0.3868162
1609802830 0.3863279
1609802832 0.3873045
1609802834 0.3855955
1609802836 0.3875486
1609802838 0.3868162
1609802840 0.3875486
1609802842 0.3851072
1609802844 0.3863279
1609802846 0.3858397
1609802848 0.3870604
1609802850 0.3868162
1609802852 0.3873045
1609802854 0.3865721
1609802856 0.3870604
1609802858 0.3868162
1609802860 0.3875486
1609802862 0.3868162
1609802864 0.3870604
1609802866 0.389746
1609802868 0.3870604
1609802870 0.3860838
1609802872 0.3865721
1609802874 0.3868162
1609802876 0.3870604
1609802878 0.3870604
1609802880 0.3870604
1609802882 0.3860838
1609802884 0.3865721
1609802886 0.3868162
1609802888 0.3875486
1609802890 0.3873045
1609802892 0.3870604
1609802894 0.3868162
1609802896 0.3870604
1609802898 0.3868162
1609802900 0.3870604
1609802902 0.3858397
1609802904 0.3855955
1609802906 0.3860838
1609802908 0.3860838
1609802910 0.3851072
1609802912 0.3868162
1609802914 0.3870604
1609802916 0.3875486
1609802918 0.3858397
1609802920 0.3956054
1609802922 0.3875486
1609802924 0.3868162
1609802926 0.3880369
1609802928 0.3868162
1609802930 0.3855955
1609802932 0.3877928
1609802934 0.3868162
1609802936 0.3855955
1609802938 0.3870604
1609802940 0.3870604
1609802942 0.3870604
1609802944 0.3868162
1609802946 0.3870604
1609802948 0.3880369
1609802950 0.3868162
1609802952 0.3870604
1609802954 0.3873045
1609802956 0.3868162
1609802958 0.3863279
1609802960 0.3870604
1609802962 0.3855955
1609802964 0.3868162
1609802966 0.3868162
1609802968 0.3868162
1609802970 0.3865721
1609802972 0.3841306
1609802974 0.3873045
1609802976 0.3865721
1609802978 0.3855955
1609802980 0.3863279
1609802982 0.3863279
1609802984 0.3880369
1609802986 0.3863279
1609802988 0.3875486
1609802990 0.3865721
1609802992 0.3870604
1609802994 0.384863
1609802996 0.3873045
1609802998 0.3870604
1609803000 0.3868162
1609803002 0.3843748
1609803004 0.3868162
1609803006 0.3865721
1609803008 0.3877928
1609803010 0.3873045
1609803012 0.3868162
1609803014 0.3868162
1609803016 0.3868162
1609803018 0.3870604
1609803020 0.3863279
1609803022 0.3860838
1609803024 0.3868162
1609803026 0.3863279
1609803028 0.3875486
1609803030 0.3860838
1609803032 0.3873045
1609803034 0.3868162
1609803036 0.3868162
1609803038 0.3890135
1609803040 0.3860838
1609803042 0.384863
1609803044 0.3863279
1609803046 0.3868162
1609803048 0.3863279
1609803050 0.3853513
1609803052 0.3843748
1609803054 0.3855955
1609803056 0.3868162
1609803058 0.3868162
1609803060 0.3868162
1609803062 0.3870604
1609803064 0.3873045
1609803066 0.3875486
1609803068 0.3868162
1609803070 0.3860838
1609803072 0.3870604
1609803074 0.3865721
1609803076 0.3858397
1609803078 0.3865721
1609803080 0.3853513
1609803082 0.3877928
1609803084 0.3841306
1609803086 0.3863279
1609803088 0.3868162
1609803090 0.3868162
1609803092 0.3851072
1609803094 0.3890135
1609803096 0.3870604
1609803098 0.3873045
1609803100 0.3870604
1609803102 0.3890135
1609803104 0.3868162
1609803106 0.384863
1609803108 0.3863279
1609803110 0.3880369
1609803112 0.3880369
1609803114 0.3860838
1609803116 0.3843748
1609803118 0.3877928
1609803120 0.3860838
1609803122 0.3887694
1609803124 0.3892576
1609803126 0.3858397
1609803128 0.3873045
1609803130 0.3870604
1609803132 0.3926757
1609803134 0.3860838
1609803136 0.3853513
1609803138 0.3860838
1609803140 0.3858397
1609803142 0.3868162
1609803144 0.3860838
1609803146 0.3858397
1609803148 0.3853513
1609803150 0.384863
1609803152 0.3858397
1609803154 0.3863279
1609803156 0.3865721
1609803158 0.3833982
1609803160 0.3875486
1609803162 0.3863279
1609803164 0.3868162
1609803166 0.383154
1609803168 0.3853513
1609803170 0.3860838
1609803172 0.3855955
1609803174 0.3851072
1609803176 0.3860838
1609803178 0.3858397
1609803180 0.3868162
1609803182 0.3860838
1609803184 0.3855955
1609803186 0.3860838
1609803188 0.3853513
1609803190 0.3860838
1609803192 0.3858397
1609803194 0.3865721
1609803196 0.3868162
1609803198 0.3863279
1609803200 0.3858397
1609803202 0.3863279
1609803204 0.3860838
1609803206 0.3860838
1609803208 0.3858397
1609803210 0.3855955
1609803212 0.3858397
1609803214 0.3858397
1609803216 0.3860838
1609803218 0.3868162
1609803220 0.3860838
1609803222 0.384863
1609803224 0.3838865
1609803226 0.3858397
1609803228 0.3858397
1609803230 0.3865721
1609803232 0.3841306
1609803234 0.3858397
1609803236 0.3868162
1609803238 0.3829099
1609803240 0.3858397
1609803242 0.3858397
1609803244 0.3846189
1609803246 0.3851072
1609803248 0.3870604
1609803250 0.3863279
1609803252 0.3858397
1609803254 0.3851072
1609803256 0.3863279
1609803258 0.3863279
1609803260 0.3873045
1609803262 0.3863279
1609803264 0.3863279
1609803266 0.384863
1609803268 0.3841306
1609803270 0.3858397
1609803272 0.3863279
1609803274 0.3860838
1609803276 0.3868162
1609803278 0.384863
1609803280 0.3851072
1609803282 0.384863
1609803284 0.3865721
1609803286 0.3892576
1609803288 0.3851072
1609803290 0.3855955
1609803292 0.3843748
1609803294 0.3868162
1609803296 0.3868162
1609803298 0.3858397
1609803300 0.3858397
1609803302 0.3863279
1609803304 0.3853513
1609803306 0.3855955
1609803308 0.3868162
1609803310 0.3870604
1609803312 0.3855955
1609803314 0.3863279
1609803316 0.3873045
1609803318 0.3870604
1609803320 0.3870604
1609803322 0.3877928
1609803324 0.3846189
1609803326 0.3860838
1609803328 0.3865721
1609803330 0.3860838
1609803332 0.3860838
1609803334 0.3860838
1609803336 0.3863279
1609803338 0.3863279
1609803340 0.3860838
1609803342 0.3855955
1609803344 0.3855955
1609803346 0.3855955
1609803348 0.3873045
1609803350 0.3863279
1609803352 0.3868162
1609803354 0.3846189
1609803356 0.3851072
1609803358 0.3868162
1609803360 0.3858397
1609803362 0.3858397
1609803364 0.3863279
1609803366 0.3855955
1609803368 0.3860838
1609803370 0.3865721
1609803372 0.3858397
1609803374 0.3863279
1609803376 0.3855955
1609803378 0.3841306
1609803380 0.3858397
1609803382 0.3860838
1609803384 0.3858397
1609803386 0.3895018
1609803388 0.3863279
1609803390 0.3875486
1609803392 0.3863279
1609803394 0.3855955
1609803396 0.384863
1609803398 0.3860838
1609803400 0.3853513
1609803402 0.3858397
1609803404 0.3851072
1609803406 0.3858397
1609803408 0.3873045
1609803410 0.3863279
1609803412 0.3860838
1609803414 0.3863279
1609803416 0.3860838
1609803418 0.3873045
1609803420 0.3868162
1609803422 0.3865721
1609803424 0.3843748
1609803426 0.3860838
1609803428 0.3858397
1609803430 0.3858397
1609803432 0.3855955
1609803434 0.3838865
1609803436 0.3865721
1609803438 0.3875486
1609803440 0.3875486
1609803442 0.3873045
1609803444 0.3853513
1609803446 0.3855955
1609803448 0.3851072
1609803450 0.3860838
1609803452 0.3860838
1609803454 0.3860838
1609803456 0.3863279
1609803458 0.3863279
1609803460 0.3860838
1609803462 0.3851072
1609803464 0.3860838
1609803466 0.3860838
1609803468 0.3851072
1609803470 0.3870604
1609803472 0.3880369
1609803474 0.3860838
1609803476 0.3868162
1609803478 0.3853513
1609803480 0.3824216
1609803482 0.3851072
1609803484 0.3855955
1609803486 0.3870604
1609803488 0.3865721
1609803490 0.3855955
1609803492 0.3873045
1609803494 0.3865721
1609803496 0.3858397
1609803498 0.383154
1609803500 0.3858397
1609803502 0.3863279
1609803504 0.3860838
1609803506 0.384863
1609803508 0.3855955
1609803510 0.3863279
1609803512 0.3868162
1609803514 0.3851072
1609803516 0.3863279
1609803518 0.3863279
1609803520 0.3870604
1609803522 0.3860838
1609803524 0.3863279
1609803526 0.3860838
1609803528 0.3870604
1609803530 0.3863279
1609803532 0.3863279
1609803534 0.3853513
1609803536 0.3836423
1609803538 0.3860838
1609803540 0.3880369
1609803542 0.3858397
1609803544 0.3877928
1609803546 0.3858397
1609803548 0.3858397
1609803550 0.3860838
1609803552 0.3865721
1609803554 0.3860838
1609803556 0.3865721
1609803558 0.3870604
1609803560 0.3877928
1609803562 0.3838865
1609803564 0.3851072
1609803566 0.3860838
1609803568 0.3838865
1609803570 0.3863279
1609803572 0.3863279
1609803574 0.3860838
1609803576 0.3860838
1609803578 0.3858397
1609803580 0.3863279
1609803582 0.3853513
1609803584 0.3863279
1609803586 0.3895018
1609803588 0.3863279
1609803590 0.3858397
1609803592 0.383154
1609803594 0.3860838
1609803596 0.3873045
1609803598 0.3853513
1609803600 0.3858397
1609803602 0.3843748
1609803604 0.3860838
1609803606 0.3863279
1609803608 0.3870604
1609803610 0.3855955
1609803612 0.3863279
1609803614 0.3860838
1609803616 0.3870604
1609803618 0.3851072
1609803620 0.3863279
1609803622 0.3858397
1609803624 0.3860838
1609803626 0.3863279
1609803628 0.3868162
1609803630 0.3860838
1609803632 0.3860838
1609803634 0.3860838
1609803636 0.3841306
1609803638 0.3865721
1609803640 0.3851072
1609803642 0.3855955
1609803644 0.3863279
1609803646 0.3865721
1609803648 0.3851072
1609803650 0.384863
1609803652 0.3860838
1609803654 0.3841306
1609803656 0.3824216
1609803658 0.3860838
1609803660 0.3870604
1609803662 0.3843748
1609803664 0.3858397
1609803666 0.3863279
1609803668 0.3851072
1609803670 0.3868162
1609803672 0.3860838
1609803674 0.3855955
1609803676 0.3855955
1609803678 0.3819333
1609803680 0.3858397
1609803682 0.3931639
1609803684 0.384863
1609803686 0.3858397
1609803688 0.3855955
1609803690 0.3855955
1609803692 0.3882811
1609803694 0.384863
1609803696 0.3860838
1609803698 0.3863279
1609803700 0.3858397
1609803702 0.3860838
1609803704 0.3863279
1609803706 0.3873045
1609803708 0.3853513
1609803710 0.3853513
1609803712 0.3870604
1609803714 0.3858397
1609803716 0.3865721
1609803718 0.3868162
1609803720 0.384863
1609803722 0.3858397
1609803724 0.3863279
1609803726 0.3865721
1609803728 0.3860838
1609803730 0.3870604
1609803732 0.3853513
1609803734 0.3863279
1609803736 0.3855955
1609803738 0.3860838
1609803740 0.3853513
1609803742 0.3858397
1609803744 0.3858397
1609803746 0.3860838
1609803748 0.3860838
1609803750 0.3858397
1609803752 0.3868162
1609803754 0.3858397
1609803756 0.3875486
1609803758 0.3860838
1609803760 0.3868162
1609803762 0.3863279
1609803764 0.3858397
1609803766 0.3858397
1609803768 0.3858397
1609803770 0.3846189
1609803772 0.3860838
1609803774 0.3860838
1609803776 0.3858397
1609803778 0.3851072
1609803780 0.3863279
1609803782 0.384863
1609803784 0.3870604
1609803786 0.3860838
1609803788 0.3868162
1609803790 0.3873045
1609803792 0.3855955
1609803794 0.384863
1609803796 0.3868162
1609803798 0.3860838
1609803800 0.3860838
1609803802 0.3858397
1609803804 0.3855955
1609803806 0.3863279
1609803808 0.3836423
1609803810 0.3858397
1609803812 0.3858397
1609803815 0.3868162
1609803817 0.3841306
1609803819 0.3868162
1609803821 0.384863
1609803823 0.3858397
1609803825 0.3868162
1609803827 0.3865721
1609803829 0.3851072
1609803831 0.3855955
1609803833 0.3860838
1609803835 0.3858397
1609803837 0.3855955
1609803839 0.3775387
1609803841 0.3875486
1609803843 0.3890135
1609803845 0.3853513
1609803847 0.3853513
1609803849 0.3868162
1609803851 0.3860838
1609803853 0.3860838
1609803855 0.3853513
1609803857 0.3863279
1609803859 0.3860838
1609803861 0.3868162
1609803863 0.3858397
1609803865 0.3875486
1609803867 0.3863279
1609803869 0.3863279
1609803871 0.3863279
1609803873 0.3863279
1609803875 0.3863279
1609803877 0.3860838
1609803879 0.3855955
1609803881 0.3851072
1609803883 0.3858397
1609803885 0.3853513
1609803887 0.3863279
1609803889 0.3858397
1609803891 0.3858397
1609803893 0.3890135
1609803895 0.3858397
1609803897 0.3855955
1609803899 0.3860838
1609803901 0.3868162
1609803903 0.3860838
1609803905 0.3851072
1609803907 0.3863279
1609803909 0.3865721
1609803911 0.3855955
1609803913 0.3858397
1609803915 0.3824216
1609803917 0.3863279
1609803919 0.3865721
1609803921 0.3858397
1609803923 0.389746
1609803925 0.3855955
1609803927 0.3868162
1609803929 0.3790036
1609803931 0.3860838
1609803933 0.3863279
1609803935 0.3875486
1609803937 0.3863279
1609803939 0.3860838
1609803941 0.3863279
1609803943 0.3851072
1609803945 0.3863279
1609803947 0.3858397
1609803949 0.3860838
1609803951 0.3860838
1609803953 0.3853513
1609803955 0.3863279
1609803957 0.3860838
1609803959 0.3858397
1609803961 0.3851072
1609803963 0.3875486
1609803965 0.3841306
1609803967 0.3858397
1609803969 0.3843748
1609803971 0.3860838
1609803973 0.3870604
1609803975 0.3853513
1609803977 0.3858397
1609803979 0.3902342
1609803981 0.3860838
1609803983 0.3858397
1609803985 0.3860838
1609803987 0.3858397
1609803989 0.3855955
1609803991 0.3838865
1609803993 0.3858397
1609803995 0.3860838
1609803997 0.3860838
1609803999 0.3860838
1609804001 0.3858397
1609804003 0.3868162
1609804005 0.3860838
1609804007 0.3860838
1609804009 0.3860838
1609804011 0.3860838
1609804013 0.3853513
1609804015 0.3868162
1609804017 0.3858397
1609804019 0.3870604
1609804021 0.3858397
1609804023 0.3855955
1609804025 0.3873045
1609804027 0.3868162
1609804029 0.3863279
1609804031 0.3855955
1609804033 0.3860838
1609804035 0.3877928
1609804037 0.3863279
1609804039 0.3860838
1609804041 0.3858397
1609804043 0.3826657
1609804045 0.3860838
1609804047 0.3860838
1609804049 0.3858397
1609804051 0.3860838
1609804053 0.3860838
1609804055 0.3865721
1609804057 0.3863279
1609804059 0.3851072
1609804061 0.3873045
1609804063 0.3860838
1609804065 0.3863279
1609804067 0.3853513
1609804069 0.3868162
1609804071 0.3858397
1609804073 0.3863279
1609804075 0.3863279
1609804077 0.3853513
1609804079 0.3853513
1609804081 0.3868162
1609804083 0.3860838
1609804085 0.3855955
1609804087 0.3863279
1609804089 0.3873045
1609804091 0.3865721
1609804093 0.3858397
1609804095 0.3855955
1609804097 0.3860838
1609804099 0.3863279
1609804101 0.3863279
1609804103 0.3875486
1609804105 0.3860838
1609804107 0.3863279
1609804109 0.3860838
1609804111 0.3868162
1609804113 0.3868162
1609804115 0.3863279
1609804117 0.3858397
1609804119 0.3868162
1609804121 0.3858397
1609804123 0.3863279
1609804125 0.384863
1609804127 0.3863279
1609804129 0.3863279
1609804131 0.3860838
1609804133 0.3868162
1609804135 0.3853513
1609804137 0.3863279
1609804139 0.3885252
1609804141 0.3860838
1609804143 0.3860838
1609804145 0.3858397
1609804147 0.3902342
1609804149 0.3853513
1609804151 0.3860838
1609804153 0.3855955
1609804155 0.3855955
1609804157 0.3860838
1609804159 0.3863279
1609804161 0.3843748
1609804163 0.3875486
1609804165 0.3868162
1609804167 0.3868162
1609804169 0.3860838
1609804171 0.3860838
1609804173 0.3873045
1609804175 0.3885252
1609804177 0.3860838
1609804179 0.3865721
1609804181 0.3855955
1609804183 0.3873045
1609804185 0.3863279
1609804187 0.3860838
1609804189 0.3863279
1609804191 0.3858397
1609804193 0.3860838
1609804195 0.3853513
1609804197 0.3860838
1609804199 0.3863279
1609804201 0.3870604
1609804203 0.3858397
1609804205 0.3853513
1609804207 0.3853513
1609804209 0.3870604
1609804211 0.3853513
1609804213 0.3858397
1609804215 0.3868162
1609804217 0.3860838
1609804219 0.3843748
1609804221 0.3858397
1609804223 0.3858397
1609804225 0.3853513
1609804227 0.3865721
1609804229 0.3863279
1609804231 0.3863279
1609804233 0.3860838
1609804235 0.3860838
1609804237 0.3875486
1609804239 0.3858397
1609804241 0.3860838
1609804243 0.3860838
1609804245 0.3860838
1609804247 0.3855955
1609804249 0.3843748
1609804251 0.3860838
1609804253 0.3860838
1609804255 0.3863279
1609804257 0.3858397
1609804259 0.3863279
1609804261 0.3858397
1609804263 0.3858397
1609804265 0.3863279
1609804267 0.3860838
1609804269 0.3863279
1609804271 0.3868162
1609804273 0.3865721
1609804275 0.3863279
1609804277 0.3860838
1609804279 0.3860838
1609804281 0.3865721
1609804283 0.3863279
1609804285 0.3858397
1609804287 0.3863279
1609804289 0.3860838
1609804291 0.3851072
1609804293 0.3858397
1609804295 0.3855955
1609804297 0.3863279
1609804299 0.3853513
1609804301 0.3868162
1609804303 0.3851072
1609804305 0.3855955
1609804307 0.3855955
1609804309 0.3858397
1609804311 0.3858397
1609804313 0.3863279
1609804315 0.3860838
1609804317 0.3868162
1609804319 0.3853513
1609804321 0.3858397
1609804323 0.3860838
1609804325 0.3863279
1609804327 0.3858397
1609804329 0.3863279
1609804331 0.3855955
1609804333 0.3868162
1609804335 0.3855955
1609804337 0.3863279
1609804339 0.3863279
1609804341 0.3851072
1609804343 0.3853513
1609804345 0.3865721
1609804347 0.3863279
1609804349 0.3860838
1609804351 0.3875486
1609804353 0.3858397
1609804355 0.3860838
1609804357 0.3868162
1609804359 0.3860838
1609804361 0.3877928
1609804363 0.3875486
1609804365 0.3858397
1609804367 0.3855955
1609804369 0.3858397
1609804371 0.3860838
1609804373 0.3860838
1609804375 0.3855955
1609804377 0.3860838
1609804379 0.3858397
1609804381 0.3841306
1609804383 0.3860838
1609804385 0.3851072
1609804387 0.3863279
1609804389 0.3868162
1609804391 0.3860838
1609804393 0.3851072
1609804395 0.3865721
1609804397 0.3868162
1609804399 0.3851072
1609804401 0.3868162
1609804403 0.3873045
1609804405 0.3860838
1609804407 0.3868162
1609804409 0.3865721
1609804411 0.3868162
1609804413 0.3855955
1609804415 0.3858397
1609804417 0.3855955
1609804419 0.3868162
1609804421 0.3863279
1609804423 0.3851072
1609804425 0.3868162
1609804427 0.3809567
1609804429 0.3860838
1609804431 0.3855955
1609804433 0.3870604
1609804435 0.3863279
1609804437 0.3838865
1609804439 0.3860838
1609804441 0.3863279
1609804443 0.3858397
1609804445 0.3865721
1609804447 0.3863279
1609804449 0.3858397
1609804451 0.3865721
1609804453 0.3858397
1609804455 0.3843748
1609804457 0.3868162
1609804459 0.3873045
1609804461 0.3836423
1609804463 0.3843748
1609804465 0.3870604
1609804467 0.3860838
1609804469 0.3863279
1609804471 0.3858397
1609804473 0.3870604
1609804475 0.3865721
1609804477 0.3865721
1609804479 0.3843748
1609804481 0.3863279
1609804483 0.3858397
1609804485 0.3858397
1609804487 0.3863279
1609804489 0.3860838
1609804491 0.3853513
1609804493 0.3870604
1609804495 0.3868162
1609804497 0.3853513
1609804499 0.3853513
1609804501 0.3877928
1609804503 0.3853513
1609804505 0.3860838
1609804507 0.3863279
1609804509 0.3855955
1609804511 0.3860838
1609804513 0.3858397
1609804515 0.3860838
1609804517 0.3843748
1609804519 0.381445
1609804521 0.3880369
1609804523 0.3870604
1609804525 0.3899901
1609804527 0.3868162
1609804529 0.3863279
1609804531 0.3863279
1609804533 0.3855955
1609804535 0.3873045
1609804537 0.3860838
1609804539 0.3873045
1609804541 0.3858397
1609804543 0.3855955
1609804545 0.3858397
1609804547 0.3855955
1609804549 0.3855955
1609804551 0.3858397
1609804553 0.3868162
1609804555 0.3873045
1609804557 0.3855955
1609804559 0.3858397
1609804561 0.3860838
1609804563 0.3870604
1609804565 0.3838865
1609804567 0.3863279
1609804569 0.3858397
1609804571 0.3863279
1609804573 0.3858397
1609804575 0.3863279
1609804577 0.3851072
1609804579 0.3858397
1609804581 0.384863
1609804583 0.3863279
1609804585 0.3863279
1609804587 0.3858397
1609804589 0.3865721
1609804591 0.3870604
1609804593 0.3863279
1609804595 0.3865721
1609804597 0.3863279
1609804599 0.3841306
1609804601 0.3860838
1609804603 0.3875486
1609804605 0.3860838
1609804607 0.3877928
1609804609 0.3855955
1609804611 0.3863279
1609804613 0.3863279
1609804615 0.3870604
1609804617 0.3858397
1609804619 0.384863
1609804621 0.3841306
1609804623 0.3860838
1609804625 0.3863279
1609804627 0.3853513
1609804629 0.3870604
1609804631 0.3863279
1609804633 0.3860838
1609804635 0.3877928
1609804637 0.3868162
1609804639 0.3873045
1609804641 0.3860838
1609804643 0.3855955
1609804645 0.3877928
1609804647 0.3860838
1609804649 0.3853513
1609804651 0.3841306
1609804653 0.3870604
1609804655 0.3863279
1609804657 0.3865721
1609804659 0.3853513
1609804661 0.3865721
1609804663 0.3870604
1609804665 0.3865721
1609804667 0.3855955
1609804669 0.3877928
1609804671 0.3855955
1609804673 0.3860838
1609804675 0.3851072
1609804677 0.3863279
1609804679 0.3853513
1609804681 0.3860838
1609804683 0.3851072
1609804685 0.3880369
1609804687 0.3853513
1609804689 0.3860838
1609804691 0.3870604
1609804693 0.3860838
1609804695 0.3873045
1609804697 0.3868162
1609804699 0.3858397
1609804701 0.3863279
1609804703 0.384863
1609804705 0.3860838
1609804707 0.3868162
1609804709 0.3851072
1609804711 0.3858397
1609804713 0.3863279
1609804715 0.3877928
1609804717 0.3853513
1609804719 0.3860838
1609804721 0.3858397
1609804723 0.3863279
1609804725 0.3858397
1609804727 0.3841306
1609804729 0.3875486
1609804731 0.3860838
1609804733 0.3873045
1609804735 0.3853513
1609804737 0.3858397
1609804739 0.3851072
1609804741 0.3794919
1609804743 0.3860838
1609804745 0.3870604
1609804747 0.3870604
1609804749 0.3858397
1609804751 0.3860838
1609804753 0.3858397
1609804755 0.3853513
1609804757 0.3860838
1609804759 0.3877928
1609804761 0.3855955
1609804763 0.3868162
1609804765 0.3853513
1609804767 0.3821775
1609804769 0.3860838
1609804771 0.3858397
1609804773 0.3863279
1609804775 0.3875486
1609804777 0.3858397
1609804779 0.3868162
1609804781 0.3863279
1609804783 0.3855955
1609804785 0.3863279
1609804787 0.3921874
1609804789 0.3882811
1609804791 0.3873045
1609804793 0.3860838
1609804795 0.3858397
1609804797 0.3860838
1609804799 0.3873045
1609804801 0.3860838
1609804803 0.3873045
1609804805 0.3860838
1609804807 0.3812009
1609804809 0.3858397
1609804811 0.3858397
1609804813 0.3865721
1609804815 0.3853513
1609804817 0.3873045
1609804819 0.3846189
1609804821 0.3868162
1609804823 0.3860838
1609804825 0.3863279
1609804827 0.3868162
1609804829 0.3860838
1609804831 0.3863279
1609804833 0.3860838
1609804835 0.3860838
1609804837 0.384863
1609804839 0.3858397
1609804841 0.3863279
1609804843 0.3858397
1609804845 0.3855955
1609804847 0.3858397
1609804849 0.3870604
1609804851 0.3863279
1609804853 0.3882811
1609804855 0.3853513
1609804857 0.3860838
1609804859 0.3860838
1609804861 0.3860838
1609804863 0.3865721
1609804865 0.3863279
1609804867 0.3858397
1609804869 0.3843748
1609804871 0.3853513
1609804873 0.3873045
1609804875 0.3858397
1609804877 0.3863279
1609804879 0.3829099
1609804881 0.3770504
1609804883 0.3858397
1609804885 0.3855955
1609804887 0.3863279
1609804889 0.3865721
1609804891 0.3863279
1609804893 0.3860838
1609804895 0.3745937
1609804897 0.3875486
1609804899 0.3863279
1609804901 0.3868162
1609804903 0.3863279
1609804905 0.3863279
1609804907 0.3858397
1609804909 0.3858397
1609804911 0.3875486
1609804913 0.3860838
1609804915 0.3863279
1609804917 0.3851072
1609804919 0.3873045
1609804921 0.3873045
1609804923 0.3860838
1609804925 0.3860838
1609804927 0.3890135
1609804929 0.3858397
1609804931 0.384863
1609804933 0.3853513
1609804935 0.3858397
1609804937 0.3863279
1609804939 0.3865721
1609804941 0.3868162
1609804943 0.3865721
1609804945 0.3858397
1609804947 0.3873045
1609804949 0.3860838
1609804951 0.3858397
1609804953 0.3868162
1609804955 0.3899901
1609804957 0.3863279
1609804959 0.3873045
1609804961 0.389746
1609804963 0.3863279
1609804965 0.3858397
1609804967 0.3860838
1609804969 0.3868162
1609804971 0.3870604
1609804973 0.3858397
1609804975 0.3868162
1609804977 0.3860838
1609804979 0.3858397
1609804981 0.3863279
1609804983 0.3858397
1609804985 0.3863279
1609804987 0.3868162
1609804989 0.3860838
1609804991 0.3855955
1609804993 0.3863279
1609804995 0.3870604
1609804997 0.3860838
1609804999 0.3860838
1609805001 0.3843748
1609805003 0.3870604
1609805005 0.3863279
1609805007 0.3870604
1609805009 0.3860838
1609805011 0.3860838
1609805013 0.3860838
1609805015 0.3860838
1609805017 0.3833982
1609805019 0.3863279
1609805021 0.3790036
1609805023 0.3860838
1609805025 0.3851072
1609805027 0.3860838
1609805029 0.3870604
1609805031 0.3868162
1609805033 0.3858397
1609805035 0.3860838
1609805037 0.3865721
1609805039 0.3853513
1609805041 0.3875486
1609805043 0.3855955
1609805045 0.3858397
1609805047 0.3863279
1609805049 0.3855955
1609805051 0.3858397
1609805053 0.3860838
1609805055 0.3863279
1609805057 0.3863279
1609805059 0.3863279
1609805061 0.3868162
1609805063 0.3885252
1609805065 0.3863279
1609805067 0.3860838
1609805069 0.3868162
1609805071 0.3887694
1609805073 0.3863279
1609805075 0.3863279
1609805077 0.3863279
1609805079 0.3873045
1609805081 0.3863279
1609805083 0.3860838
1609805085 0.3863279
1609805087 0.3868162
1609805089 0.3880369
1609805091 0.3851072
1609805093 0.3843748
1609805095 0.3863279
1609805097 0.3863279
1609805099 0.3860838
1609805101 0.3841306
1609805103 0.3860838
1609805105 0.3863279
1609805107 0.3873045
1609805109 0.3860838
1609805111 0.3868162
1609805113 0.3863279
1609805115 0.3860838
1609805117 0.3865721
1609805119 0.3858397
1609805121 0.3863279
1609805123 0.3858397
1609805125 0.3843748
1609805127 0.3860838
1609805129 0.3860838
1609805131 0.3860838
1609805133 0.3841306
1609805135 0.3860838
1609805137 0.3853513
1609805139 0.3868162
1609805141 0.3860838
1609805143 0.3863279
1609805145 0.3865721
1609805147 0.3860838
1609805149 0.3863279
1609805151 0.3858397
1609805153 0.3863279
1609805155 0.3860838
1609805157 0.3863279
1609805159 0.3858397
1609805161 0.3851072
1609805163 0.3873045
1609805165 0.3863279
1609805167 0.3863279
1609805169 0.3860838
1609805171 0.3860838
1609805173 0.3858397
1609805175 0.3863279
1609805177 0.384863
1609805179 0.3865721
1609805181 0.3868162
1609805183 0.3863279
1609805185 0.3858397
1609805187 0.3855955
1609805189 0.3860838
1609805191 0.3858397
1609805193 0.384863
1609805195 0.3858397
1609805197 0.3851072
1609805199 0.3858397
1609805201 0.3858397
1609805203 0.384863
1609805205 0.3868162
1609805207 0.3858397
1609805209 0.3853513
1609805211 0.3880369
1609805213 0.3863279
1609805215 0.3899901
1609805217 0.3853513
1609805219 0.3870604
1609805221 0.3863279
1609805223 0.3868162
1609805225 0.3868162
1609805227 0.3855955
1609805229 0.3873045
1609805231 0.3855955
1609805233 0.3873045
1609805235 0.3853513
1609805237 0.3873045
1609805239 0.384863
1609805241 0.3860838
1609805243 0.3851072
1609805245 0.3855955
1609805247 0.3855955
1609805249 0.3863279
1609805251 0.3860838
1609805253 0.3855955
1609805255 0.3865721
1609805257 0.3853513
1609805259 0.3863279
1609805261 0.3863279
1609805263 0.384863
1609805265 0.3858397
1609805267 0.3863279
1609805269 0.3870604
1609805271 0.3855955
1609805273 0.3863279
1609805275 0.3860838
1609805277 0.3873045
1609805279 0.3863279
1609805281 0.3868162
1609805283 0.3873045
1609805285 0.3853513
1609805287 0.3860838
1609805289 0.3863279
1609805291 0.3860838
1609805293 0.3863279
1609805295 0.3860838
1609805297 0.3858397
1609805299 0.3841306
1609805301 0.3819333
1609805303 0.3868162
1609805305 0.3860838
1609805307 0.384863
1609805309 0.3858397
1609805311 0.3860838
1609805313 0.3868162
1609805315 0.3912108
1609805317 0.3855955
1609805319 0.3863279
1609805321 0.3858397
1609805323 0.3863279
1609805325 0.3855955
1609805327 0.3860838
1609805329 0.384863
1609805331 0.3858397
1609805333 0.3863279
1609805335 0.3860838
1609805337 0.3860838
1609805339 0.3819333
1609805341 0.3868162
1609805343 0.3873045
1609805345 0.3858397
1609805347 0.3860838
1609805349 0.3863279
1609805351 0.3860838
1609805353 0.3863279
1609805355 0.3851072
1609805357 0.3860838
1609805359 0.3855955
1609805361 0.3858397
1609805363 0.3860838
1609805365 0.3858397
1609805367 0.3860838
1609805369 0.3868162
1609805371 0.3870604
1609805373 0.3863279
1609805375 0.3870604
1609805377 0.3833982
1609805379 0.3858397
1609805381 0.3858397
1609805383 0.3868162
1609805385 0.3853513
1609805387 0.3873045
1609805389 0.3873045
1609805391 0.3858397
1609805393 0.3875486
1609805395 0.3860838
1609805397 0.3863279
1609805399 0.3858397
1609805401 0.3858397
1609805403 0.3853513
1609805405 0.3851072
1609805407 0.3860838
1609805409 0.3858397
1609805411 0.3916991
1609805413 0.3855955
1609805415 0.3843748
1609805417 0.3863279
1609805419 0.3863279
1609805421 0.3860838
1609805423 0.3855955
1609805425 0.3870604
1609805427 0.3863279
1609805429 0.3868162
1609805431 0.3868162
1609805433 0.3863279
1609805435 0.3868162
1609805437 0.3870604
1609805439 0.3855955
1609805441 0.3863279
1609805443 0.3841306
1609805445 0.3860838
1609805447 0.3868162
1609805449 0.3838865
1609805451 0.3860838
1609805453 0.3860838
1609805455 0.3858397
1609805457 0.3855955
1609805459 0.3868162
1609805461 0.3860838
1609805463 0.3875486
1609805465 0.3860838
1609805467 0.3870604
1609805469 0.3863279
1609805471 0.3838865
1609805473 0.3868162
1609805475 0.3880369
1609805477 0.3855955
1609805479 0.3873045
1609805481 0.3860838
1609805483 0.3860838
1609805485 0.384863
1609805487 0.3863279
1609805489 0.3873045
1609805491 0.3865721
1609805493 0.3873045
1609805495 0.3851072
1609805497 0.3853513
1609805499 0.3873045
1609805501 0.3855955
1609805503 0.3868162
1609805505 0.3833982
1609805507 0.3863279
1609805509 0.3855955
1609805511 0.3860838
1609805513 0.3875486
1609805515 0.3868162
1609805517 0.3880369
1609805519 0.389746
1609805521 0.3868162
1609805523 0.3858397
1609805525 0.3860838
1609805527 0.3863279
1609805529 0.3870604
1609805531 0.3870604
1609805533 0.3877928
1609805535 0.3870604
1609805537 0.3858397
1609805539 0.3863279
1609805541 0.3875486
1609805543 0.3838865
1609805545 0.3858397
1609805547 0.3875486
1609805549 0.3838865
1609805551 0.3851072
1609805553 0.3870604
1609805555 0.3860838
1609805557 0.3855955
1609805559 0.3863279
1609805561 0.384863
1609805563 0.3860838
1609805565 0.3870604
1609805567 0.3860838
1609805569 0.3863279
1609805571 0.3858397
1609805573 0.3855955
1609805575 0.3865721
1609805577 0.3858397
1609805579 0.3870604
1609805581 0.3853513
1609805583 0.3860838
1609805585 0.3875486
1609805587 0.3877928
1609805589 0.3860838
1609805591 0.3858397
1609805593 0.3858397
1609805595 0.3860838
1609805597 0.3870604
1609805599 0.3868162
1609805601 0.3860838
1609805603 0.3860838
1609805605 0.3863279
1609805607 0.3880369
1609805609 0.3860838
1609805611 0.3863279
1609805613 0.3863279
1609805615 0.3843748
1609805617 0.3863279
1609805619 0.3873045
1609805621 0.3870604
1609805623 0.3853513
1609805625 0.3887694
1609805627 0.3855955
1609805629 0.3868162
1609805631 0.3853513
1609805633 0.3863279
1609805635 0.3868162
1609805637 0.3868162
1609805639 0.3863279
1609805641 0.3843748
1609805643 0.3863279
1609805645 0.3860838
1609805647 0.3863279
1609805649 0.3843748
1609805651 0.3860838
1609805653 0.3870604
1609805655 0.3870604
1609805657 0.383154
1609805659 0.3858397
1609805661 0.3868162
1609805663 0.3858397
1609805665 0.3851072
1609805667 0.3860838
1609805669 0.3851072
1609805671 0.3858397
1609805673 0.3860838
1609805675 0.3855955
1609805677 0.3865721
1609805679 0.3851072
1609805681 0.3843748
1609805683 0.3873045
1609805685 0.3875486
1609805687 0.3860838
1609805689 0.3860838
1609805691 0.3860838
1609805693 0.3855955
1609805695 0.3863279
1609805697 0.3860838
1609805699 0.3870604
1609805701 0.3860838
1609805703 0.3860838
1609805705 0.3860838
1609805707 0.3858397
1609805709 0.3863279
1609805711 0.3853513
1609805713 0.3863279
1609805715 0.3829099
1609805717 0.3880369
1609805719 0.3843748
1609805721 0.3868162
1609805723 0.3855955
1609805725 0.3873045
1609805727 0.3855955
1609805729 0.3868162
1609805731 0.3860838
1609805733 0.3865721
1609805735 0.3860838
1609805737 0.3868162
1609805739 0.3858397
1609805741 0.3860838
1609805743 0.3860838
1609805745 0.3860838
1609805747 0.3887694
1609805749 0.3868162
1609805751 0.3875486
1609805753 0.3860838
1609805755 0.3860838
1609805757 0.3860838
1609805759 0.3870604
1609805761 0.3868162
1609805763 0.3860838
1609805765 0.3873045
1609805767 0.3853513
1609805769 0.3863279
1609805771 0.3860838
1609805773 0.3860838
1609805775 0.3875486
1609805777 0.3865721
1609805779 0.3863279
1609805781 0.3855955
1609805783 0.384863
1609805785 0.3853513
1609805787 0.3868162
1609805789 0.3892576
1609805791 0.3863279
1609805793 0.3868162
1609805795 0.3855955
1609805797 0.3858397
1609805799 0.3838865
1609805801 0.3877928
1609805803 0.3855955
1609805805 0.3885252
1609805807 0.3868162
1609805809 0.3841306
1609805811 0.3826657
1609805813 0.3860838
1609805815 0.3863279
1609805817 0.3855955
1609805819 0.3865721
1609805821 0.3855955
1609805823 0.3860838
1609805825 0.3892576
1609805827 0.3855955
1609805829 0.3863279
1609805831 0.3870604
1609805833 0.3868162
1609805835 0.3860838
1609805837 0.3858397
1609805839 0.3863279
1609805841 0.3868162
1609805843 0.3855955
1609805845 0.3868162
1609805847 0.3853513
1609805849 0.3875486
1609805851 0.3858397
1609805853 0.3875486
1609805855 0.3863279
1609805857 0.3863279
1609805859 0.3753414
1609805861 0.3860838
1609805863 0.3843748
1609805865 0.3860838
1609805867 0.3843748
1609805869 0.389746
1609805871 0.3863279
1609805873 0.383154
1609805875 0.3855955
1609805877 0.3870604
1609805879 0.3863279
1609805881 0.3873045
1609805883 0.3868162
1609805885 0.3882811
1609805887 0.3851072
1609805889 0.3860838
1609805891 0.3860838
1609805893 0.3860838
1609805895 0.3860838
1609805897 0.3860838
1609805899 0.3860838
1609805901 0.3855955
1609805903 0.384863
1609805905 0.3882811
1609805907 0.3851072
1609805909 0.3851072
1609805911 0.3855955
1609805913 0.3860838
1609805915 0.3855955
1609805917 0.3853513
1609805919 0.3858397
1609805921 0.3873045
1609805923 0.3860838
1609805925 0.3860838
1609805927 0.3863279
1609805929 0.3843748
1609805931 0.3863279
1609805933 0.3868162
1609805935 0.3858397
1609805937 0.3873045
1609805939 0.3863279
1609805941 0.3855955
1609805943 0.3855955
1609805945 0.3863279
1609805947 0.3858397
1609805949 0.3870604
1609805951 0.3877928
1609805953 0.3865721
1609805955 0.3863279
1609805957 0.3868162
1609805959 0.3860838
1609805961 0.3873045
1609805963 0.3860838
1609805965 0.3860838
1609805967 0.3851072
1609805969 0.3860838
1609805971 0.3887694
1609805973 0.3855955
1609805975 0.3860838
1609805977 0.3860838
1609805979 0.3851072
1609805981 0.3860838
1609805983 0.3855955
1609805985 0.3868162
1609805987 0.3863279
1609805989 0.3841306
1609805991 0.3870604
1609805993 0.3863279
1609805995 0.3860838
1609805997 0.3843748
1609805999 0.3887694
1609806001 0.3860838
1609806003 0.3858397
1609806005 0.3865721
1609806007 0.3858397
1609806009 0.3860838
1609806011 0.3875486
1609806013 0.3851072
1609806015 0.3863279
1609806017 0.3860838
1609806019 0.3858397
1609806021 0.3870604
1609806023 0.3843748
1609806025 0.3873045
1609806027 0.3860838
1609806029 0.3853513
1609806031 0.3870604
1609806033 0.3868162
1609806035 0.3851072
1609806037 0.3851072
1609806039 0.3858397
1609806041 0.3858397
1609806043 0.3855955
1609806045 0.3865721
1609806047 0.3860838
1609806049 0.3855955
1609806051 0.3870604
1609806053 0.3863279
1609806055 0.3838865
1609806057 0.384863
1609806059 0.3870604
1609806061 0.3860838
1609806063 0.3853513
1609806065 0.3843748
1609806067 0.3860838
1609806069 0.3836423
1609806071 0.3860838
1609806073 0.3865721
1609806075 0.3863279
1609806077 0.3860838
1609806079 0.3880369
1609806081 0.3863279
1609806083 0.3863279
1609806085 0.3870604
1609806087 0.3863279
1609806089 0.3858397
1609806091 0.3870604
1609806093 0.3865721
1609806095 0.3868162
1609806097 0.3860838
1609806099 0.3868162
1609806101 0.3860838
1609806103 0.3863279
1609806105 0.3880369
1609806107 0.3860838
1609806109 0.3860838
1609806111 0.3868162
1609806113 0.3865721
1609806115 0.3860838
1609806117 0.3853513
1609806119 0.3860838
1609806121 0.3841306
1609806123 0.3863279
1609806125 0.3860838
1609806127 0.3858397
1609806129 0.3860838
1609806131 0.3860838
1609806133 0.3870604
1609806135 0.3863279
1609806137 0.3860838
1609806139 0.3863279
1609806141 0.3875486
1609806143 0.3860838
1609806145 0.3870604
1609806147 0.3858397
1609806149 0.3863279
1609806151 0.3775387
1609806153 0.3824216
1609806155 0.3863279
1609806157 0.3860838
1609806159 0.3863279
1609806161 0.3860838
1609806163 0.3858397
1609806165 0.3865721
1609806167 0.3863279
1609806169 0.3870604
1609806171 0.384863
1609806173 0.3863279
1609806175 0.3863279
1609806177 0.3843748
1609806179 0.3860838
1609806181 0.3851072
1609806183 0.3858397
1609806185 0.3858397
1609806187 0.3860838
1609806189 0.3860838
1609806191 0.3843748
1609806193 0.3865721
1609806195 0.3860838
1609806197 0.3853513
1609806199 0.3863279
1609806201 0.3907225
1609806203 0.3860838
1609806205 0.3853513
1609806207 0.3860838
1609806209 0.3858397
1609806211 0.3860838
1609806213 0.3863279
1609806215 0.3860838
1609806217 0.3860838
1609806219 0.3860838
1609806221 0.3855955
1609806223 0.3858397
1609806225 0.384863
1609806227 0.3851072
1609806229 0.3870604
1609806231 0.3855955
1609806233 0.3851072
1609806235 0.3851072
1609806237 0.3860838
1609806239 0.3853513
1609806241 0.3860838
1609806243 0.3860838
1609806245 0.3875486
1609806247 0.3860838
1609806249 0.3860838
1609806251 0.3851072
1609806253 0.3838865
1609806255 0.3748379
1609806257 0.3863279
1609806259 0.3868162
1609806261 0.3870604
1609806263 0.384863
1609806265 0.3851072
1609806267 0.3860838
1609806269 0.3875486
1609806271 0.3858397
1609806273 0.3860838
1609806275 0.3873045
1609806277 0.3875486
1609806279 0.3843748
1609806281 0.3843748
1609806283 0.3853513
1609806285 0.384863
1609806287 0.3899901
1609806289 0.3860838
1609806291 0.3860838
1609806293 0.3860838
1609806295 0.3863279
1609806297 0.3858397
1609806299 0.3873045
1609806301 0.3841306
1609806303 0.3855955
1609806305 0.3860838
1609806307 0.384863
1609806309 0.3838865
1609806311 0.3843748
1609806313 0.3804685
1609806315 0.3853513
1609806317 0.3843748
1609806319 0.3841306
1609806321 0.3841306
1609806323 0.3855955
1609806325 0.3863279
1609806327 0.3838865
1609806329 0.3855955
1609806331 0.3855955
1609806333 0.3858397
1609806335 0.3873045
1609806337 0.3860838
1609806339 0.3885252
1609806341 0.384863
1609806343 0.3860838
1609806345 0.3851072
1609806347 0.3829099
1609806349 0.3855955
1609806351 0.3855955
1609806353 0.3851072
1609806355 0.3860838
1609806357 0.3853513
1609806359 0.3855955
1609806361 0.3868162
1609806363 0.3858397
1609806365 0.3863279
1609806367 0.3858397
1609806369 0.3846189
1609806371 0.3860838
1609806373 0.384863
1609806375 0.3860838
1609806377 0.3858397
1609806379 0.3855955
1609806381 0.3855955
1609806383 0.3851072
1609806385 0.3853513
1609806387 0.3836423
1609806389 0.3802243
1609806391 0.3851072
1609806393 0.3841306
1609806395 0.3868162
1609806397 0.3855955
1609806399 0.3860838
1609806401 0.3855955
1609806403 0.384863
1609806405 0.3858397
1609806407 0.3868162
1609806409 0.3851072
1609806411 0.3851072
1609806413 0.3851072
1609806415 0.3855955
1609806417 0.3868162
1609806419 0.003173876
WARNING: Battery voltage too low! Disconnecting load!
