1609476605 0.6915846
1609476606 0.6930495
1609476607 0.6896315
1609476608 0.6901198
1609476609 0.6906081
1609476610 0.6886549
1609476611 0.6891432
1609476612 0.6881666
1609476613 0.6866865
1609476614 0.6879225
1609476615 0.6869307
1609476616 0.6886549
1609476617 0.6869307
1609476618 0.688899
1609476619 0.6876783
1609476620 0.6884108
1609476621 0.6884108
1609476622 0.6861982
1609476623 0.6879225
1609476624 0.7308919
1609476625 0.7326009
1609476626 0.731136
1609476627 0.7333333
1609476628 0.7321126
1609476629 0.7328451
1609476630 0.7318685
1609476631 0.7316243
1609476632 0.7316243
1609476633 0.7318685
1609476634 0.7328451
1609476635 0.7299153
1609476636 0.7321126
1609476637 0.7308919
1609476638 0.7316243
1609476639 0.7294271
1609476640 0.7291829
1609476641 0.7286946
1609476642 0.7267414
1609476643 0.7274738
1609476644 0.7272297
1609476645 0.7269855
1609476646 0.7269855
1609476647 0.7279621
1609476648 0.7274738
1609476649 0.7306478
1609476650 0.7272297
1609476651 0.726009
1609476652 0.7291829
1609476653 0.7252766
1609476654 0.727718
1609476655 0.7291829
1609476656 0.726009
1609476657 0.7269855
1609476658 0.7250324
1609476659 0.7252766
1609476660 0.7255207
1609476661 0.727718
1609476662 0.7250324
1609476663 0.7286946
1609476664 0.7257648
1609476665 0.7252766
1609476666 0.7269855
1609476667 0.7252766
1609476668 0.7252766
1609476669 0.7240558
1609476670 0.7282063
1609476671 0.7279621
1609476672 0.7291829
1609476673 0.7291829
1609476674 0.7274738
1609476675 0.7250324
1609476676 0.7255207
1609476677 0.7269855
1609476678 0.7269855
1609476679 0.7240558
1609476680 0.7255207
1609476681 0.726009
1609476682 0.7250324
1609476683 0.7223468
1609476684 0.7252766
1609476685 0.722591
1609476686 0.7262531
1609476687 0.7233234
1609476688 0.7235675
1609476689 0.7221027
1609476690 0.7213703
1609476691 0.7228351
1609476692 0.7267414
1609476693 0.7238117
1609476694 0.7238117
1609476695 0.7223468
1609476696 0.7206378
1609476697 0.7196612
1609476698 0.7199054
1609476699 0.7150225
1609476700 0.7138018
1609476701 0.726009
1609476702 0.7257648
1609476703 0.726009
1609476704 0.7262531
1609476705 0.7238117
1609476706 0.7228351
1609476707 0.722591
1609476708 0.7216144
1609476709 0.7233234
1609476710 0.7189288
1609476711 0.7164874
1609476712 0.7162432
1609476713 0.7159991
1609476714 0.7162432
1609476715 0.7159991
1609476716 0.7138018
1609476717 0.7213703
1609476718 0.7213703
1609476719 0.7189288
1609476720 0.7064775
1609476721 0.7196612
1609476722 0.7157549
1609476723 0.7179523
1609476724 0.7169757
1609476725 0.717464
1609476726 0.7142901
1609476727 0.7179523
1609476728 0.7223468
1609476729 0.7218585
1609476730 0.7172198
1609476731 0.7228351
1609476732 0.7211261
1609476733 0.722591
1609476734 0.7199054
1609476735 0.7199054
1609476736 0.719173
1609476737 0.7181964
1609476738 0.7147784
1609476739 0.7138018
1609476740 0.7128252
1609476741 0.7123369
1609476742 0.7091631
1609476743 0.7037919
1609476744 0.7020829
1609476745 0.698909
1609476746 0.6986649
1609476747 0.698909
1609476748 0.6986649
1609476749 0.6935378
1609476750 0.6908522
1609476751 0.6891432
1609476752 0.6908522
1609476753 0.7103838
1609476754 0.7113604
1609476755 0.7084306
1609476756 0.7064775
1609476757 0.707454
1609476758 0.7094072
1609476759 0.704036
1609476760 0.6991531
1609476761 0.7037919
1609476762 0.7045243
1609476763 0.7011063
1609476764 0.702327
1609476765 0.7098955
1609476766 0.6993973
1609476767 0.7001297
1609476768 0.6993973
1609476769 0.7055009
1609476770 0.7035477
1609476771 0.7025712
1609476772 0.6976883
1609476773 0.6959792
1609476774 0.702327
1609476775 0.6952468
1609476776 0.6964675
1609476777 0.6937819
1609476778 0.688899
1609476779 0.6935378
1609476780 0.6947585
1609476781 0.6901198
1609476782 0.6898757
1609476783 0.6879225
1609476784 0.6884108
1609476785 0.6861982
1609476786 0.6866865
1609476787 0.6830244
1609476788 0.6805829
1609476789 0.6822919
1609476790 0.6827802
1609476791 0.6810712
1609476792 0.6847333
1609476793 0.7035477
1609476794 0.7008621
1609476795 0.7008621
1609476796 0.700618
1609476797 0.6945144
1609476798 0.6923171
1609476799 0.6915846
1609476800 0.7013505
1609476801 0.7128252
1609476802 0.7116045
1609476803 0.7103838
1609476804 0.7101397
1609476805 0.7094072
1609476806 0.7076982
1609476807 0.7035477
1609476808 0.7025712
1609476809 0.7001297
1609476810 0.6974442
1609476811 0.6928053
1609476812 0.6947585
1609476813 0.6915846
1609476814 0.6945144
1609476815 0.6925612
1609476816 0.6844892
1609476817 0.6896315
1609476818 0.6901198
1609476819 0.6881666
1609476820 0.6861982
1609476821 0.6849775
1609476822 0.6830244
1609476823 0.6822919
1609476824 0.6825361
1609476825 0.6803388
1609476826 0.6840009
1609476827 0.6788739
1609476828 0.6793622
1609476829 0.6788739
1609476830 0.6791181
1609476831 0.6786298
1609476832 0.7250324
1609476833 0.7257648
1609476834 0.7255207
1609476835 0.7267414
1609476836 0.7257648
1609476837 0.7264973
1609476838 0.7228351
1609476839 0.7272297
1609476840 0.7269855
1609476841 0.7252766
1609476842 0.7269855
1609476843 0.7257648
1609476844 0.7238117
1609476845 0.7250324
1609476846 0.7255207
1609476847 0.7247883
1609476848 0.7250324
1609476849 0.7250324
1609476850 0.7250324
1609476851 0.7252766
1609476852 0.726009
1609476853 0.7235675
1609476854 0.7255207
1609476855 0.7255207
1609476856 0.7247883
1609476857 0.7257648
1609476858 0.726009
1609476859 0.7255207
1609476860 0.7255207
1609476861 0.7255207
1609476862 0.7247883
1609476863 0.7269855
1609476864 0.7257648
1609476865 0.726009
1609476866 0.7250324
1609476867 0.7262531
1609476868 0.7243
1609476869 0.7235675
1609476870 0.7243
1609476871 0.7264973
1609476872 0.7233234
1609476873 0.7238117
1609476874 0.7218585
1609476875 0.7252766
1609476876 0.7228351
1609476877 0.7243
1609476878 0.7250324
1609476879 0.7228351
1609476880 0.7238117
1609476881 0.7250324
1609476882 0.7247883
1609476883 0.7257648
1609476884 0.7238117
1609476885 0.7233234
1609476886 0.7223468
1609476887 0.7228351
1609476888 0.717464
1609476889 0.7243
1609476890 0.7230793
1609476891 0.7238117
1609476892 0.7238117
1609476893 0.7235675
1609476894 0.7233234
1609476895 0.7250324
1609476896 0.7230793
1609476897 0.7230793
1609476898 0.7086747
1609476899 0.6749676
1609476900 0.6754559
1609476901 0.6752117
1609476902 0.6752117
1609476903 0.6742352
1609476904 0.6764324
1609476905 0.6752117
1609476906 0.6783856
1609476907 0.677409
1609476908 0.6798505
1609476909 0.6859541
1609476910 0.68571
1609476911 0.7035477
1609476912 0.7047684
1609476913 0.7008621
1609476914 0.7003738
1609476915 0.7020829
1609476916 0.6967116
1609476917 0.6942702
1609476918 0.705745
1609476919 0.707454
1609476920 0.6950027
1609476921 0.6935378
1609476922 0.6896315
1609476923 0.6918288
1609476924 0.6906081
1609476925 0.6903639
1609476926 0.6884108
1609476927 0.6827802
1609476928 0.6798505
1609476929 0.6791181
1609476930 0.6778974
1609476931 0.677409
1609476932 0.6974442
1609476933 0.6974442
1609476934 0.6945144
1609476935 0.6940261
1609476936 0.6769207
1609476937 0.6742352
1609476938 0.6732585
1609476939 0.6747234
1609476940 0.672282
1609476941 0.6708171
1609476942 0.6652018
1609476943 0.6825361
1609476944 0.6813153
1609476945 0.6840009
1609476946 0.6901198
1609476947 0.6898757
1609476948 0.6844892
1609476949 0.6844892
1609476950 0.6825361
1609476951 0.6800946
1609476952 0.6813153
1609476953 0.6818037
1609476954 0.6818037
1609476955 0.6827802
1609476956 0.707454
1609476957 0.7098955
1609476958 0.7059892
1609476959 0.7181964
1609476960 0.7145342
1609476961 0.7116045
1609476962 0.7157549
1609476963 0.7282063
1609476964 0.7308919
1609476965 0.7286946
1609476966 0.7286946
1609476967 0.7291829
1609476968 0.7269855
1609476969 0.7286946
1609476970 0.7294271
1609476971 0.7228351
1609476972 0.7233234
1609476973 0.7269855
1609476974 0.7250324
1609476975 0.7257648
1609476976 0.7228351
1609476977 0.7159991
1609476978 0.7123369
1609476979 0.705745
1609476980 0.7199054
1609476981 0.7133135
1609476982 0.7113604
1609476983 0.7089189
1609476984 0.6928053
1609476985 0.6737468
1609476986 0.6793622
1609476987 0.7199054
1609476988 0.7247883
1609476989 0.7184405
1609476990 0.7033036
1609476991 0.7203937
1609476992 0.7233234
1609476993 0.7211261
1609476994 0.7228351
1609476995 0.720882
1609476996 0.717464
1609476997 0.7106279
1609476998 0.7037919
1609476999 0.7030594
1609477000 0.6984207
1609477001 0.7013505
1609477002 0.7015946
1609477003 0.6974442
1609477004 0.698909
1609477005 0.6947585
1609477006 0.702327
1609477007 0.7018387
1609477008 0.6984207
1609477009 0.6998856
1609477010 0.6984207
1609477011 0.6967116
1609477012 0.698909
1609477013 0.7001297
1609477014 0.7018387
1609477015 0.7018387
1609477016 0.7018387
1609477017 0.702327
1609477018 0.7003738
1609477019 0.702327
1609477020 0.7001297
1609477021 0.7001297
1609477022 0.6998856
1609477023 0.7018387
1609477024 0.7033036
1609477025 0.7015946
1609477026 0.7013505
1609477027 0.700618
1609477028 0.7042801
1609477029 0.7062333
1609477030 0.702327
1609477031 0.7025712
1609477032 0.6942702
1609477033 0.7035477
1609477034 0.7037919
1609477035 0.7008621
1609477036 0.7033036
1609477037 0.7033036
1609477038 0.7045243
1609477039 0.7064775
1609477040 0.7025712
1609477041 0.7028153
1609477042 0.7020829
1609477043 0.7035477
1609477044 0.7020829
1609477045 0.7079423
1609477046 0.7037919
1609477047 0.7028153
1609477048 0.7035477
1609477049 0.7033036
1609477050 0.7013505
1609477051 0.7008621
1609477052 0.7008621
1609477053 0.700618
1609477054 0.7008621
1609477055 0.700618
1609477056 0.7062333
1609477057 0.7025712
1609477058 0.7003738
1609477059 0.7018387
1609477060 0.702327
1609477061 0.702327
1609477062 0.6945144
1609477063 0.7035477
1609477064 0.7035477
1609477065 0.7055009
1609477066 0.7025712
1609477067 0.7033036
1609477068 0.7106279
1609477069 0.700618
1609477070 0.7001297
1609477071 0.7003738
1609477072 0.698909
1609477073 0.6967116
1609477074 0.6998856
1609477075 0.7018387
1609477076 0.6969558
1609477077 0.698909
1609477078 0.7003738
1609477079 0.7011063
1609477080 0.6920729
1609477081 0.6993973
1609477082 0.7001297
1609477083 0.6969558
1609477084 0.6996414
1609477085 0.6979324
1609477086 0.6986649
1609477087 0.6918288
1609477088 0.6993973
1609477089 0.6976883
1609477090 0.6984207
1609477091 0.6974442
1609477092 0.698909
1609477093 0.6986649
1609477094 0.6959792
1609477095 0.6984207
1609477096 0.7013505
1609477097 0.6993973
1609477098 0.6993973
1609477099 0.6976883
1609477100 0.698909
1609477101 0.6984207
1609477102 0.6969558
1609477103 0.6986649
1609477104 0.6928053
1609477105 0.6991531
1609477106 0.6993973
1609477107 0.6996414
1609477108 0.698909
1609477109 0.7047684
1609477110 0.6976883
1609477111 0.6998856
1609477112 0.6996414
1609477113 0.698909
1609477114 0.6993973
1609477115 0.6969558
1609477116 0.6984207
1609477117 0.6967116
1609477118 0.6969558
1609477119 0.6962234
1609477120 0.6957351
1609477121 0.6991531
1609477122 0.6954909
1609477123 0.6976883
1609477124 0.6954909
1609477125 0.6974442
1609477126 0.7013505
1609477127 0.6962234
1609477128 0.6969558
1609477129 0.6962234
1609477130 0.6976883
1609477131 0.6976883
1609477132 0.6967116
1609477133 0.6976883
1609477134 0.6964675
1609477135 0.6937819
1609477136 0.6996414
1609477137 0.702327
1609477138 0.6967116
1609477139 0.6979324
1609477140 0.6996414
1609477141 0.6993973
1609477142 0.698909
1609477143 0.6967116
1609477144 0.6937819
1609477145 0.6998856
1609477146 0.6979324
1609477147 0.698909
1609477148 0.6974442
1609477149 0.6969558
1609477150 0.6967116
1609477151 0.6974442
1609477152 0.6964675
1609477153 0.6974442
1609477154 0.6957351
1609477155 0.6945144
1609477156 0.6957351
1609477157 0.6974442
1609477158 0.6957351
1609477159 0.6996414
1609477160 0.700618
1609477161 0.6964675
1609477162 0.6945144
1609477163 0.7106279
1609477164 0.6925612
1609477165 0.6967116
1609477166 0.6964675
1609477167 0.6981766
1609477168 0.6974442
1609477169 0.6967116
1609477170 0.6984207
1609477171 0.698909
1609477172 0.6981766
1609477173 0.698909
1609477174 0.6976883
1609477175 0.6974442
1609477176 0.6984207
1609477177 0.6957351
1609477178 0.6986649
1609477179 0.6962234
1609477180 0.6998856
1609477181 0.6959792
1609477182 0.6962234
1609477183 0.6974442
1609477184 0.6947585
1609477185 0.6974442
1609477186 0.6976883
1609477187 0.6986649
1609477188 0.6981766
1609477189 0.6976883
1609477190 0.6984207
1609477191 0.6950027
1609477192 0.6957351
1609477193 0.6962234
1609477194 0.6974442
1609477195 0.6967116
1609477196 0.6974442
1609477197 0.6976883
1609477198 0.6993973
1609477199 0.6974442
1609477200 0.6981766
1609477201 0.6947585
1609477202 0.6979324
1609477203 0.6976883
1609477204 0.6981766
1609477205 0.7003738
1609477206 0.6986649
1609477207 0.6974442
1609477208 0.6984207
1609477209 0.6996414
1609477210 0.6969558
1609477211 0.6981766
1609477212 0.6979324
1609477213 0.6981766
1609477214 0.6979324
1609477215 0.6986649
1609477216 0.6974442
1609477217 0.6976883
1609477218 0.6991531
1609477219 0.6981766
1609477220 0.6959792
1609477221 0.6976883
1609477222 0.6998856
1609477223 0.6976883
1609477224 0.6957351
1609477225 0.6959792
1609477226 0.6954909
1609477227 0.6993973
1609477228 0.698909
1609477229 0.6959792
1609477230 0.6964675
1609477231 0.6974442
1609477232 0.6886549
1609477233 0.6957351
1609477234 0.6967116
1609477235 0.6971999
1609477236 0.6993973
1609477237 0.6962234
1609477238 0.6967116
1609477239 0.6957351
1609477240 0.6935378
1609477241 0.6962234
1609477242 0.6937819
1609477243 0.6950027
1609477244 0.6981766
1609477245 0.6974442
1609477246 0.6974442
1609477247 0.6979324
1609477248 0.6974442
1609477249 0.6969558
1609477250 0.6969558
1609477251 0.6945144
1609477252 0.6969558
1609477253 0.6964675
1609477254 0.6976883
1609477255 0.6986649
1609477256 0.7013505
1609477257 0.6925612
1609477258 0.6937819
1609477259 0.6910964
1609477260 0.6923171
1609477261 0.6920729
1609477262 0.6915846
1609477263 0.6925612
1609477264 0.6852216
1609477265 0.6910964
1609477266 0.6915846
1609477267 0.6918288
1609477268 0.6910964
1609477269 0.6913405
1609477270 0.6903639
1609477271 0.6906081
1609477272 0.6906081
1609477273 0.6903639
1609477274 0.6903639
1609477275 0.6925612
1609477276 0.6898757
1609477277 0.6901198
1609477278 0.6908522
1609477279 0.6896315
1609477280 0.6928053
1609477281 0.6908522
1609477282 0.6898757
1609477283 0.6879225
1609477284 0.6852216
1609477285 0.6896315
1609477286 0.6881666
1609477287 0.6910964
1609477288 0.6869307
1609477289 0.7003738
1609477290 0.6861982
1609477291 0.6864424
1609477292 0.6837568
1609477293 0.688899
1609477294 0.6903639
1609477295 0.6886549
1609477296 0.6901198
1609477297 0.6910964
1609477298 0.6903639
1609477299 0.6891432
1609477300 0.6876783
1609477301 0.6886549
1609477302 0.6901198
1609477303 0.6884108
1609477304 0.688899
1609477305 0.6920729
1609477306 0.6886549
1609477307 0.6820478
1609477308 0.6766766
1609477309 0.6876783
1609477310 0.6886549
1609477311 0.6928053
1609477312 0.6920729
1609477313 0.6896315
1609477314 0.6928053
1609477315 0.6910964
1609477316 0.6913405
1609477317 0.6920729
1609477318 0.6925612
1609477319 0.688899
1609477320 0.6881666
1609477321 0.6923171
1609477322 0.6918288
1609477323 0.6869307
1609477324 0.6937819
1609477325 0.6937819
1609477326 0.6901198
1609477327 0.6910964
1609477328 0.6910964
1609477329 0.6910964
1609477330 0.6901198
1609477331 0.6898757
1609477332 0.6896315
1609477333 0.7116045
1609477334 0.6910964
1609477335 0.6923171
1609477336 0.6928053
1609477337 0.6930495
1609477338 0.6940261
1609477339 0.6945144
1609477340 0.6947585
1609477341 0.6950027
1609477342 0.6964675
1609477343 0.6935378
1609477344 0.6940261
1609477345 0.6940261
1609477346 0.6920729
1609477347 0.6935378
1609477348 0.6937819
1609477349 0.6950027
1609477350 0.6947585
1609477351 0.6945144
1609477352 0.6954909
1609477353 0.6930495
1609477354 0.6952468
1609477355 0.6954909
1609477356 0.6942702
1609477357 0.6937819
1609477358 0.6940261
1609477359 0.6930495
1609477360 0.6925612
1609477361 0.6942702
1609477362 0.6947585
1609477363 0.6937819
1609477364 0.6947585
1609477365 0.6940261
1609477366 0.6935378
1609477367 0.6954909
1609477368 0.6950027
1609477369 0.6945144
1609477370 0.6942702
1609477371 0.6937819
1609477372 0.6920729
1609477373 0.6925612
1609477374 0.6928053
1609477375 0.6910964
1609477376 0.6959792
1609477377 0.6930495
1609477378 0.6910964
1609477379 0.6950027
1609477380 0.6923171
1609477381 0.6945144
1609477382 0.6935378
1609477383 0.6964675
1609477384 0.6935378
1609477385 0.6923171
1609477386 0.6959792
1609477387 0.6964675
1609477388 0.6996414
1609477389 0.6991531
1609477390 0.7003738
1609477391 0.7008621
1609477392 0.7008621
1609477393 0.7013505
1609477394 0.6998856
1609477395 0.6979324
1609477396 0.7008621
1609477397 0.7003738
1609477398 0.6967116
1609477399 0.6981766
1609477400 0.6971999
1609477401 0.6976883
1609477402 0.6981766
1609477403 0.6981766
1609477404 0.6984207
1609477405 0.7003738
1609477406 0.6993973
1609477407 0.698909
1609477408 0.6986649
1609477409 0.700618
1609477410 0.7015946
1609477411 0.7013505
1609477412 0.7018387
1609477413 0.702327
1609477414 0.7028153
1609477415 0.7045243
1609477416 0.7018387
1609477417 0.702327
1609477418 0.7020829
1609477419 0.7011063
1609477420 0.7008621
1609477421 0.6986649
1609477422 0.6996414
1609477423 0.7028153
1609477424 0.6984207
1609477425 0.6996414
1609477426 0.6993973
1609477427 0.7013505
1609477428 0.7020829
1609477429 0.700618
1609477430 0.7008621
1609477431 0.7011063
1609477432 0.7015946
1609477433 0.7013505
1609477434 0.7013505
1609477435 0.700618
1609477436 0.7001297
1609477437 0.6984207
1609477438 0.7028153
1609477439 0.700618
1609477440 0.6981766
1609477441 0.7008621
1609477442 0.6998856
1609477443 0.6993973
1609477444 0.6984207
1609477445 0.7035477
1609477446 0.6962234
1609477447 0.6896315
1609477448 0.6915846
1609477449 0.6947585
1609477450 0.6935378
1609477451 0.6906081
1609477452 0.6940261
1609477453 0.6920729
1609477454 0.6964675
1609477455 0.6923171
1609477456 0.6910964
1609477457 0.6908522
1609477458 0.6906081
1609477459 0.688899
1609477460 0.6898757
1609477461 0.6910964
1609477462 0.6910964
1609477463 0.6913405
1609477464 0.6910964
1609477465 0.6915846
1609477466 0.6923171
1609477467 0.6910964
1609477468 0.688899
1609477469 0.6925612
1609477470 0.6925612
1609477471 0.6937819
1609477472 0.6901198
1609477473 0.6925612
1609477474 0.6928053
1609477475 0.6920729
1609477476 0.6923171
1609477477 0.6935378
1609477478 0.6935378
1609477479 0.6930495
1609477480 0.7152667
1609477481 0.7157549
1609477482 0.719173
1609477483 0.719173
1609477484 0.717464
1609477485 0.7155108
1609477486 0.7169757
1609477487 0.7155108
1609477488 0.7162432
1609477489 0.7172198
1609477490 0.719173
1609477491 0.7157549
1609477492 0.7159991
1609477493 0.717464
1609477494 0.7177081
1609477495 0.7169757
1609477496 0.7172198
1609477497 0.7189288
1609477498 0.7172198
1609477499 0.717464
1609477500 0.7169757
1609477501 0.7164874
1609477502 0.7157549
1609477503 0.7162432
1609477504 0.7179523
1609477505 0.719173
1609477506 0.7162432
1609477507 0.7177081
1609477508 0.7157549
1609477509 0.7162432
1609477510 0.7196612
1609477511 0.7172198
1609477512 0.7177081
1609477513 0.7162432
1609477514 0.7181964
1609477515 0.7177081
1609477516 0.7228351
1609477517 0.7177081
1609477518 0.7169757
1609477519 0.7177081
1609477520 0.7194171
1609477521 0.6979324
1609477522 0.717464
1609477523 0.7172198
1609477524 0.7177081
1609477525 0.7177081
1609477526 0.717464
1609477527 0.7179523
1609477528 0.720882
1609477529 0.7157549
1609477530 0.7164874
1609477531 0.7177081
1609477532 0.7157549
1609477533 0.717464
1609477534 0.6967116
1609477535 0.714046
1609477536 0.7150225
1609477537 0.7172198
1609477538 0.7155108
1609477539 0.7138018
1609477540 0.7159991
1609477541 0.7138018
1609477542 0.7152667
1609477543 0.7152667
1609477544 0.7133135
1609477545 0.7130694
1609477546 0.7142901
1609477547 0.7133135
1609477548 0.7101397
1609477549 0.7064775
1609477550 0.7120928
1609477551 0.7125811
1609477552 0.7113604
1609477553 0.7130694
1609477554 0.7133135
1609477555 0.7133135
1609477556 0.7130694
1609477557 0.7133135
1609477558 0.714046
1609477559 0.7133135
1609477560 0.7133135
1609477561 0.7135577
1609477562 0.7113604
1609477563 0.7123369
1609477564 0.7123369
1609477565 0.7125811
1609477566 0.714046
1609477567 0.7125811
1609477568 0.7111162
1609477569 0.7116045
1609477570 0.7138018
1609477571 0.7123369
1609477572 0.7118486
1609477573 0.7113604
1609477574 0.7111162
1609477575 0.7108721
1609477576 0.7094072
1609477577 0.7130694
1609477578 0.7101397
1609477579 0.7106279
1609477580 0.7103838
1609477581 0.7096514
1609477582 0.7103838
1609477583 0.7101397
1609477584 0.7111162
1609477585 0.7098955
1609477586 0.7096514
1609477587 0.7103838
1609477588 0.7084306
1609477589 0.7128252
1609477590 0.6876783
1609477591 0.7091631
1609477592 0.7091631
1609477593 0.707454
1609477594 0.7084306
1609477595 0.7096514
1609477596 0.7091631
1609477597 0.7113604
1609477598 0.7103838
1609477599 0.7111162
1609477600 0.7113604
1609477601 0.7091631
1609477602 0.7091631
1609477603 0.7101397
1609477604 0.7103838
1609477605 0.7120928
1609477606 0.7101397
1609477607 0.7076982
1609477608 0.7103838
1609477609 0.7103838
1609477610 0.7101397
1609477611 0.7123369
1609477612 0.707454
1609477613 0.7096514
1609477614 0.7098955
1609477615 0.7096514
1609477616 0.7091631
1609477617 0.707454
1609477618 0.7072099
1609477619 0.7106279
1609477620 0.7172198
1609477621 0.7091631
1609477622 0.7079423
1609477623 0.7091631
1609477624 0.7062333
1609477625 0.7084306
1609477626 0.7072099
1609477627 0.7059892
1609477628 0.7067216
1609477629 0.7103838
1609477630 0.7084306
1609477631 0.7076982
1609477632 0.7064775
1609477633 0.7037919
1609477634 0.7072099
1609477635 0.7072099
1609477636 0.7067216
1609477637 0.7081864
1609477638 0.7064775
1609477639 0.7079423
1609477640 0.7084306
1609477641 0.707454
1609477642 0.7064775
1609477643 0.7079423
1609477644 0.7062333
1609477645 0.7037919
1609477646 0.7059892
1609477647 0.7052567
1609477648 0.707454
1609477649 0.7059892
1609477650 0.707454
1609477651 0.7072099
1609477652 0.7052567
1609477653 0.7081864
1609477654 0.7069657
1609477655 0.7062333
1609477656 0.6964675
1609477657 0.7062333
1609477658 0.7081864
1609477659 0.7072099
1609477660 0.705745
1609477661 0.7064775
1609477662 0.7067216
1609477663 0.7067216
1609477664 0.7045243
1609477665 0.7052567
1609477666 0.7062333
1609477667 0.7037919
1609477668 0.7035477
1609477669 0.7045243
1609477670 0.7037919
1609477671 0.7033036
1609477672 0.6947585
1609477673 0.7035477
1609477674 0.704036
1609477675 0.7045243
1609477676 0.7055009
1609477677 0.7045243
1609477678 0.7042801
1609477679 0.702327
1609477680 0.7035477
1609477681 0.7035477
1609477682 0.7037919
1609477683 0.7015946
1609477684 0.7055009
1609477685 0.7013505
1609477687 0.7035477
1609477688 0.7037919
1609477689 0.7033036
1609477690 0.702327
1609477691 0.704036
1609477692 0.7045243
1609477693 0.7035477
1609477694 0.7035477
1609477695 0.7028153
1609477696 0.7033036
1609477697 0.7020829
1609477698 0.6991531
1609477699 0.7025712
1609477700 0.7033036
1609477701 0.7025712
1609477702 0.7028153
1609477703 0.7020829
1609477704 0.7013505
1609477705 0.7001297
1609477706 0.7020829
1609477707 0.7001297
1609477708 0.7028153
1609477709 0.7003738
1609477710 0.7018387
1609477711 0.7028153
1609477712 0.7037919
1609477713 0.7020829
1609477714 0.7015946
1609477715 0.7001297
1609477716 0.7025712
1609477717 0.700618
1609477718 0.7025712
1609477719 0.7035477
1609477720 0.702327
1609477721 0.7018387
1609477722 0.7015946
1609477723 0.7025712
1609477724 0.6996414
1609477725 0.7028153
1609477726 0.7035477
1609477727 0.6984207
1609477728 0.7047684
1609477729 0.7008621
1609477730 0.702327
1609477731 0.6984207
1609477732 0.7008621
1609477733 0.6993973
1609477734 0.6998856
1609477735 0.7025712
1609477736 0.6996414
1609477737 0.7028153
1609477738 0.698909
1609477739 0.700618
1609477740 0.6998856
1609477741 0.6996414
1609477742 0.7001297
1609477743 0.698909
1609477744 0.6998856
1609477745 0.6991531
1609477746 0.6998856
1609477747 0.6991531
1609477748 0.7001297
1609477749 0.6993973
1609477750 0.698909
1609477751 0.6986649
1609477752 0.6984207
1609477753 0.6986649
1609477754 0.6952468
1609477755 0.698909
1609477756 0.7001297
1609477757 0.7001297
1609477758 0.6986649
1609477759 0.7001297
1609477760 0.7003738
1609477761 0.7003738
1609477762 0.6974442
1609477763 0.700618
1609477764 0.6979324
1609477765 0.6986649
1609477766 0.6986649
1609477767 0.6981766
1609477768 0.6986649
1609477769 0.6984207
1609477770 0.6991531
1609477771 0.6993973
1609477772 0.7001297
1609477773 0.7001297
1609477774 0.6993973
1609477775 0.6935378
1609477776 0.6967116
1609477777 0.704036
1609477778 0.7001297
1609477779 0.6996414
1609477780 0.6986649
1609477781 0.6974442
1609477782 0.6976883
1609477783 0.6971999
1609477784 0.6969558
1609477785 0.6969558
1609477786 0.6964675
1609477787 0.6940261
1609477788 0.6976883
1609477789 0.6976883
1609477790 0.6964675
1609477791 0.6962234
1609477792 0.6986649
1609477793 0.7001297
1609477794 0.6967116
1609477795 0.6974442
1609477796 0.6979324
1609477797 0.6969558
1609477798 0.6969558
1609477799 0.6986649
1609477800 0.6950027
1609477801 0.6986649
1609477802 0.6962234
1609477803 0.6962234
1609477804 0.6993973
1609477805 0.6947585
1609477806 0.6959792
1609477807 0.6974442
1609477808 0.6954909
1609477809 0.6962234
1609477810 0.6928053
1609477811 0.6962234
1609477812 0.6950027
1609477813 0.6947585
1609477814 0.6962234
1609477815 0.6964675
1609477816 0.6967116
1609477817 0.6962234
1609477818 0.6957351
1609477819 0.6937819
1609477820 0.6957351
1609477821 0.6957351
1609477822 0.6950027
1609477823 0.6947585
1609477824 0.698909
1609477825 0.6959792
1609477826 0.6950027
1609477827 0.6957351
1609477828 0.6950027
1609477829 0.6974442
1609477830 0.6950027
1609477831 0.6930495
1609477832 0.6967116
1609477833 0.6959792
1609477834 0.6957351
1609477835 0.6981766
1609477836 0.6967116
1609477837 0.6954909
1609477838 0.6979324
1609477839 0.6964675
1609477840 0.6957351
1609477841 0.6967116
1609477842 0.6942702
1609477843 0.6962234
1609477844 0.6967116
1609477845 0.6959792
1609477846 0.6957351
1609477847 0.6967116
1609477848 0.6928053
1609477849 0.6957351
1609477850 0.6886549
1609477851 0.6876783
1609477852 0.6896315
1609477853 0.688899
1609477854 0.6891432
1609477855 0.6869307
1609477856 0.6879225
1609477857 0.6903639
1609477858 0.6827802
1609477859 0.680827
1609477860 0.6793622
1609477861 0.6788739
1609477862 0.6827802
1609477863 0.6771648
1609477864 0.6783856
1609477865 0.6778974
1609477866 0.6786298
1609477867 0.6805829
1609477868 0.6769207
1609477869 0.6769207
1609477870 0.6793622
1609477871 0.6771648
1609477872 0.6776531
1609477873 0.6766766
1609477874 0.677409
1609477875 0.6759441
1609477876 0.6798505
1609477877 0.6778974
1609477878 0.670573
1609477879 0.6788739
1609477880 0.6744793
1609477881 0.6761883
1609477882 0.6786298
1609477883 0.6783856
1609477884 0.6752117
1609477885 0.6766766
1609477886 0.6791181
1609477887 0.6805829
1609477888 0.6805829
1609477889 0.6805829
1609477890 0.6803388
1609477891 0.6796063
1609477892 0.6818037
1609477893 0.680827
1609477894 0.6805829
1609477895 0.6805829
1609477896 0.6820478
1609477897 0.6810712
1609477898 0.6813153
1609477899 0.6810712
1609477900 0.6822919
1609477901 0.6798505
1609477902 0.6830244
1609477903 0.6820478
1609477904 0.6810712
1609477905 0.6822919
1609477906 0.6818037
1609477907 0.680827
1609477908 0.6820478
1609477909 0.6825361
1609477910 0.6827802
1609477911 0.6827802
1609477912 0.680827
1609477913 0.6800946
1609477914 0.6813153
1609477915 0.6796063
1609477916 0.6818037
1609477917 0.6818037
1609477918 0.68571
1609477919 0.6820478
1609477920 0.6818037
1609477921 0.6818037
1609477922 0.6810712
1609477923 0.6803388
1609477924 0.6830244
1609477925 0.6800946
1609477926 0.6800946
1609477927 0.6830244
1609477928 0.6798505
1609477929 0.6800946
1609477930 0.680827
1609477931 0.6803388
1609477932 0.6805829
1609477933 0.6796063
1609477934 0.6798505
1609477935 0.6810712
1609477936 0.6820478
1609477937 0.6805829
1609477938 0.680827
1609477939 0.6813153
1609477940 0.680827
1609477941 0.6813153
1609477942 0.6810712
1609477943 0.6825361
1609477944 0.6820478
1609477945 0.6832685
1609477946 0.6800946
1609477947 0.6803388
1609477948 0.6805829
1609477949 0.6798505
1609477950 0.6798505
1609477951 0.6798505
1609477952 0.680827
1609477953 0.6771648
1609477954 0.6813153
1609477955 0.6818037
1609477956 0.6810712
1609477957 0.6793622
1609477958 0.6800946
1609477959 0.6805829
1609477960 0.6803388
1609477961 0.680827
1609477962 0.6805829
1609477963 0.6793622
1609477964 0.6803388
1609477965 0.6791181
1609477966 0.6791181
1609477967 0.6800946
1609477968 0.6791181
1609477969 0.6793622
1609477970 0.6776531
1609477971 0.6793622
1609477972 0.6783856
1609477973 0.6622721
1609477974 0.6803388
1609477975 0.6776531
1609477976 0.6798505
1609477977 0.6781415
1609477978 0.6813153
1609477979 0.6798505
1609477980 0.6796063
1609477981 0.6800946
1609477982 0.6800946
1609477983 0.6793622
1609477984 0.6752117
1609477985 0.6761883
1609477986 0.6796063
1609477987 0.677409
1609477988 0.6786298
1609477989 0.6786298
1609477990 0.6788739
1609477991 0.6778974
1609477992 0.6810712
1609477993 0.6800946
1609477994 0.6769207
1609477995 0.6803388
1609477996 0.6778974
1609477997 0.6786298
1609477998 0.6791181
1609477999 0.6791181
1609478000 0.6781415
1609478001 0.6813153
1609478002 0.6771648
1609478003 0.6788739
1609478004 0.6771648
1609478005 0.6752117
1609478006 0.6778974
1609478007 0.6781415
1609478008 0.6781415
1609478009 0.677409
1609478010 0.6754559
1609478011 0.6771648
1609478012 0.6759441
1609478013 0.6778974
1609478014 0.6793622
1609478015 0.6749676
1609478016 0.677409
1609478017 0.6778974
1609478018 0.6764324
1609478019 0.6771648
1609478020 0.6769207
1609478021 0.6788739
1609478022 0.6783856
1609478023 0.6786298
1609478024 0.6764324
1609478025 0.677409
1609478026 0.6761883
1609478027 0.6769207
1609478028 0.6744793
1609478029 0.677409
1609478030 0.6771648
1609478031 0.6766766
1609478032 0.6754559
1609478033 0.6781415
1609478034 0.6800946
1609478035 0.6747234
1609478036 0.6769207
1609478037 0.6766766
1609478038 0.6769207
1609478039 0.6783856
1609478040 0.6771648
1609478041 0.6766766
1609478042 0.6759441
1609478043 0.6783856
1609478044 0.6747234
1609478045 0.6781415
1609478046 0.6771648
1609478047 0.6747234
1609478048 0.6764324
1609478049 0.6761883
1609478050 0.6761883
1609478051 0.6754559
1609478052 0.6761883
1609478053 0.6761883
1609478054 0.6759441
1609478055 0.6735027
1609478056 0.6752117
1609478057 0.677409
1609478058 0.6732585
1609478059 0.6757
1609478060 0.6752117
1609478061 0.6771648
1609478062 0.6778974
1609478063 0.6786298
1609478064 0.6776531
1609478065 0.6766766
1609478066 0.677409
1609478067 0.6766766
1609478068 0.6796063
1609478069 0.6771648
1609478070 0.6778974
1609478071 0.6732585
1609478072 0.6778974
1609478073 0.6747234
1609478074 0.6788739
1609478075 0.6749676
1609478076 0.6764324
1609478077 0.6759441
1609478078 0.6766766
1609478079 0.6749676
1609478080 0.6754559
1609478081 0.6778974
1609478082 0.6761883
1609478083 0.6749676
1609478084 0.6771648
1609478085 0.6769207
1609478086 0.6764324
1609478087 0.6783856
1609478088 0.6769207
1609478089 0.6778974
1609478090 0.6771648
1609478091 0.6759441
1609478092 0.6761883
1609478093 0.6769207
1609478094 0.6803388
1609478095 0.6759441
1609478096 0.6786298
1609478097 0.6766766
1609478098 0.6744793
1609478099 0.6781415
1609478100 0.6778974
1609478101 0.6771648
1609478102 0.6730144
1609478103 0.6786298
1609478104 0.6781415
1609478105 0.6791181
1609478106 0.6783856
1609478107 0.6793622
1609478108 0.6813153
1609478109 0.6783856
1609478110 0.6798505
1609478111 0.6786298
1609478112 0.680827
1609478113 0.6791181
1609478114 0.6805829
1609478115 0.6798505
1609478116 0.6788739
1609478117 0.6791181
1609478118 0.6788739
1609478119 0.6791181
1609478120 0.6793622
1609478121 0.6793622
1609478122 0.6788739
1609478123 0.6778974
1609478124 0.6783856
1609478125 0.6788739
1609478126 0.6766766
1609478127 0.6752117
1609478128 0.6681315
1609478129 0.6669108
1609478130 0.6669108
1609478131 0.6673991
1609478132 0.6664226
1609478133 0.6673991
1609478134 0.6683757
1609478135 0.6681315
1609478136 0.6654459
1609478137 0.667155
1609478138 0.6678874
1609478139 0.6664226
1609478140 0.6669108
1609478141 0.6647135
1609478142 0.6681315
1609478143 0.6669108
1609478144 0.6669108
1609478145 0.6698405
1609478146 0.6686198
1609478147 0.6691081
1609478148 0.6676433
1609478149 0.6666667
1609478150 0.6664226
1609478151 0.6686198
1609478152 0.6661784
1609478153 0.6683757
1609478154 0.6700847
1609478155 0.6700847
1609478156 0.6703289
1609478157 0.6727703
1609478158 0.6778974
1609478159 0.6742352
1609478160 0.6752117
1609478161 0.6727703
1609478162 0.6703289
1609478163 0.6735027
1609478164 0.6732585
1609478165 0.6830244
1609478166 0.6810712
1609478167 0.6930495
1609478168 0.6757
1609478169 0.672282
1609478170 0.6744793
1609478171 0.6747234
1609478172 0.6708171
1609478173 0.6744793
1609478174 0.6747234
1609478175 0.6732585
1609478176 0.6747234
1609478177 0.6725261
1609478178 0.6759441
1609478179 0.6749676
1609478180 0.6664226
1609478181 0.6744793
1609478182 0.6771648
1609478183 0.6725261
1609478184 0.6764324
1609478185 0.6703289
1609478186 0.6664226
1609478187 0.6661784
1609478188 0.6681315
1609478189 0.6683757
1609478190 0.668864
1609478191 0.6664226
1609478192 0.6703289
1609478193 0.670573
1609478194 0.6710613
1609478195 0.673991
1609478196 0.670573
1609478197 0.6715496
1609478198 0.6710613
1609478199 0.6708171
1609478200 0.6708171
1609478201 0.6715496
1609478202 0.6710613
1609478203 0.6720378
1609478204 0.672282
1609478205 0.6710613
1609478206 0.668864
1609478207 0.6693522
1609478208 0.6693522
1609478209 0.6693522
1609478210 0.667155
1609478211 0.6683757
1609478212 0.6686198
1609478213 0.6652018
1609478214 0.6664226
1609478215 0.6669108
1609478216 0.667155
1609478217 0.6664226
1609478218 0.6676433
1609478219 0.6664226
1609478220 0.6664226
1609478221 0.668864
1609478222 0.66569
1609478223 0.667155
1609478224 0.667155
1609478225 0.6669108
1609478226 0.667155
1609478227 0.6676433
1609478228 0.6673991
1609478229 0.667155
1609478230 0.6669108
1609478231 0.66569
1609478232 0.6678874
1609478233 0.667155
1609478234 0.6661784
1609478235 0.667155
1609478236 0.6673991
1609478237 0.667155
1609478238 0.6661784
1609478239 0.6681315
1609478240 0.6652018
1609478241 0.6661784
1609478242 0.6693522
1609478243 0.6661784
1609478244 0.6866865
1609478245 0.6647135
1609478246 0.6652018
1609478247 0.6669108
1609478248 0.6634928
1609478249 0.6666667
1609478250 0.6632486
1609478251 0.6632486
1609478252 0.6664226
1609478253 0.6632486
1609478254 0.6649576
1609478255 0.6647135
1609478256 0.6644693
1609478257 0.6634928
1609478258 0.6634928
1609478259 0.6644693
1609478260 0.6647135
1609478261 0.6634928
1609478262 0.6612955
1609478263 0.6644693
1609478264 0.6649576
1609478265 0.6720378
1609478266 0.6625162
1609478267 0.6617837
1609478268 0.6632486
1609478269 0.6622721
1609478270 0.6649576
1609478271 0.6612955
1609478272 0.6622721
1609478273 0.6637369
1609478274 0.6615396
1609478275 0.6649576
1609478276 0.6617837
1609478277 0.6617837
1609478278 0.6625162
1609478279 0.6625162
1609478280 0.6625162
1609478281 0.6617837
1609478282 0.6630045
1609478283 0.6634928
1609478284 0.6595865
1609478285 0.6622721
1609478286 0.6595865
1609478287 0.6595865
1609478288 0.6612955
1609478289 0.660563
1609478290 0.6593423
1609478291 0.6595865
1609478292 0.6608072
1609478293 0.6573892
1609478294 0.6608072
1609478295 0.6590982
1609478296 0.6583658
1609478297 0.6603189
1609478298 0.6586099
1609478299 0.6586099
1609478300 0.6588541
1609478301 0.6583658
1609478302 0.6595865
1609478303 0.6608072
1609478304 0.6576333
1609478305 0.6588541
1609478306 0.6566567
1609478307 0.6566567
1609478308 0.6573892
1609478309 0.657145
1609478310 0.6573892
1609478311 0.6566567
1609478312 0.6544595
1609478313 0.6556802
1609478314 0.6493324
1609478315 0.6573892
1609478316 0.6564126
1609478317 0.6564126
1609478318 0.6576333
1609478319 0.6547036
1609478320 0.6566567
1609478321 0.6576333
1609478322 0.6586099
1609478323 0.660563
1609478324 0.655436
1609478325 0.6569009
1609478326 0.6583658
1609478327 0.6547036
1609478328 0.655436
1609478329 0.6525063
1609478330 0.6559243
1609478331 0.6517739
1609478332 0.6507973
1609478333 0.6593423
1609478334 0.6598306
1609478335 0.6581216
1609478336 0.6588541
1609478337 0.6576333
1609478338 0.6595865
1609478339 0.6603189
1609478340 0.6595865
1609478341 0.6576333
1609478342 0.657145
1609478343 0.6669108
1609478344 0.6573892
1609478345 0.6603189
1609478346 0.6593423
1609478347 0.6598306
1609478348 0.6564126
1609478349 0.6573892
1609478350 0.6573892
1609478351 0.6576333
1609478352 0.6573892
1609478353 0.6569009
1609478354 0.6569009
1609478355 0.6564126
1609478356 0.6578774
1609478357 0.6569009
1609478358 0.6498207
1609478359 0.6551919
1609478360 0.6539711
1609478361 0.6542153
1609478362 0.6576333
1609478363 0.6551919
1609478364 0.6573892
1609478365 0.6539711
1609478366 0.6583658
1609478367 0.6583658
1609478368 0.6569009
1609478369 0.657145
1609478370 0.657145
1609478371 0.655436
1609478372 0.6549478
1609478373 0.655436
1609478374 0.6564126
1609478375 0.6566567
1609478376 0.6549478
1609478377 0.6673991
1609478378 0.6578774
1609478379 0.6559243
1609478380 0.6556802
1609478381 0.6556802
1609478382 0.6566567
1609478383 0.6549478
1609478384 0.6544595
1609478385 0.6532387
1609478386 0.6517739
1609478387 0.6544595
1609478388 0.6534829
1609478389 0.6534829
1609478390 0.653727
1609478391 0.6544595
1609478392 0.6527504
1609478393 0.6551919
1609478394 0.6532387
1609478395 0.6527504
1609478396 0.6488441
1609478397 0.6544595
1609478398 0.6517739
1609478399 0.6510415
1609478400 0.6505532
1609478401 0.6500648
1609478402 0.6517739
1609478403 0.6505532
1609478404 0.6500648
1609478405 0.6486
1609478406 0.650309
1609478407 0.6500648
1609478408 0.6493324
1609478409 0.6510415
1609478410 0.6498207
1609478411 0.6500648
1609478412 0.6488441
1609478413 0.6473793
1609478414 0.6664226
1609478415 0.6486
1609478416 0.6481117
1609478417 0.6490883
1609478418 0.6473793
1609478419 0.6486
1609478420 0.6478676
1609478421 0.6466469
1609478422 0.6473793
1609478423 0.6466469
1609478424 0.6449378
1609478425 0.6444495
1609478426 0.6407874
1609478427 0.6412756
1609478428 0.6390784
1609478429 0.6376135
1609478430 0.6410315
1609478431 0.6393225
1609478432 0.6368811
1609478433 0.6388342
1609478434 0.6366369
1609478435 0.6368811
1609478436 0.6354162
1609478437 0.6344396
1609478438 0.6337071
1609478439 0.6344396
1609478440 0.6346837
1609478441 0.6337071
1609478442 0.633463
1609478443 0.6332189
1609478444 0.6351721
1609478445 0.6371252
1609478446 0.6361486
1609478447 0.6346837
1609478448 0.6378576
1609478449 0.6337071
1609478450 0.6356604
1609478451 0.6337071
1609478452 0.6322423
1609478453 0.6341954
1609478454 0.6388342
1609478455 0.6398108
1609478456 0.6390784
1609478457 0.6488441
1609478458 0.6400549
1609478459 0.6393225
1609478460 0.6388342
1609478461 0.6373693
1609478462 0.6376135
1609478463 0.6373693
1609478464 0.6378576
1609478465 0.6388342
1609478466 0.6383459
1609478467 0.6368811
1609478468 0.6368811
1609478469 0.6381018
1609478470 0.6366369
1609478471 0.6368811
1609478472 0.6366369
1609478473 0.6373693
1609478474 0.6381018
1609478475 0.6368811
1609478476 0.63859
1609478477 0.6400549
1609478478 0.6412756
1609478479 0.6415198
1609478480 0.6373693
1609478481 0.6417639
1609478482 0.630045
1609478483 0.6407874
1609478484 0.6398108
1609478485 0.6398108
1609478486 0.6398108
1609478487 0.6390784
1609478488 0.6407874
1609478489 0.6376135
1609478490 0.6400549
1609478491 0.6410315
1609478492 0.6402991
1609478493 0.6400549
1609478494 0.6395667
1609478495 0.6393225
1609478496 0.6388342
1609478497 0.6398108
1609478498 0.6412756
1609478499 0.6390784
1609478500 0.6398108
1609478501 0.6405432
1609478502 0.6388342
1609478503 0.6398108
1609478504 0.6376135
1609478505 0.6378576
1609478506 0.63859
1609478507 0.6393225
1609478508 0.6368811
1609478509 0.6388342
1609478510 0.6390784
1609478511 0.6371252
1609478512 0.6378576
1609478513 0.6371252
1609478514 0.6359045
1609478515 0.6376135
1609478516 0.6351721
1609478517 0.6376135
1609478518 0.6390784
1609478519 0.6376135
1609478520 0.6378576
1609478521 0.6366369
1609478522 0.6371252
1609478523 0.6410315
1609478524 0.6388342
1609478525 0.6393225
1609478526 0.6398108
1609478527 0.6412756
1609478528 0.6415198
1609478529 0.6412756
1609478530 0.6402991
1609478531 0.6417639
1609478532 0.6407874
1609478533 0.6381018
1609478534 0.6407874
1609478535 0.6383459
1609478536 0.6395667
1609478537 0.6390784
1609478538 0.6368811
1609478539 0.6393225
1609478540 0.6381018
1609478541 0.6410315
1609478542 0.6395667
1609478543 0.6402991
1609478544 0.6381018
1609478545 0.6395667
1609478546 0.6400549
1609478547 0.6378576
1609478548 0.6339513
1609478549 0.6400549
1609478550 0.6388342
1609478551 0.6390784
1609478552 0.6341954
1609478553 0.6363928
1609478554 0.6376135
1609478555 0.6432288
1609478556 0.6344396
1609478557 0.6359045
1609478558 0.6361486
1609478559 0.6351721
1609478560 0.6363928
1609478561 0.6381018
1609478562 0.633463
1609478563 0.6368811
1609478564 0.6359045
1609478565 0.6351721
1609478566 0.6356604
1609478567 0.6354162
1609478568 0.6368811
1609478569 0.6344396
1609478570 0.6351721
1609478571 0.6349279
1609478572 0.6346837
1609478573 0.6337071
1609478574 0.6361486
1609478575 0.6337071
1609478576 0.6356604
1609478577 0.6359045
1609478578 0.6351721
1609478579 0.633463
1609478580 0.6315099
1609478581 0.6329747
1609478582 0.6327306
1609478583 0.6341954
1609478584 0.6341954
1609478585 0.6332189
1609478586 0.6329747
1609478587 0.6324864
1609478588 0.6368811
1609478589 0.633463
1609478590 0.6324864
1609478591 0.6332189
1609478592 0.6310216
1609478593 0.6305333
1609478594 0.628336
1609478595 0.631754
1609478596 0.6322423
1609478597 0.6312657
1609478598 0.6324864
1609478599 0.630045
1609478600 0.631754
1609478601 0.6305333
1609478602 0.6315099
1609478603 0.6307774
1609478604 0.6305333
1609478605 0.6305333
1609478606 0.6315099
1609478607 0.630045
1609478608 0.628336
1609478609 0.6319982
1609478610 0.6290684
1609478611 0.628336
1609478612 0.630045
1609478613 0.6254063
1609478614 0.6288243
1609478615 0.631754
1609478616 0.628336
1609478617 0.6249027
1609478618 0.6276036
1609478619 0.6276036
1609478620 0.6278477
1609478621 0.6271153
1609478622 0.6276036
1609478623 0.6276036
1609478624 0.626627
1609478625 0.6271153
1609478626 0.626627
1609478627 0.6261387
1609478628 0.626627
1609478629 0.6263828
1609478630 0.6251621
1609478631 0.6271153
1609478632 0.6254063
1609478633 0.6249027
1609478634 0.6251621
1609478635 0.6261387
1609478636 0.6254063
1609478637 0.626627
1609478638 0.6278477
1609478639 0.6249027
1609478640 0.6249027
1609478641 0.6254063
1609478642 0.6246586
1609478643 0.6249027
1609478644 0.6249027
1609478645 0.6249027
1609478646 0.626627
1609478647 0.6249027
1609478648 0.6249027
1609478649 0.6249027
1609478650 0.6246586
1609478651 0.6249027
1609478652 0.628336
1609478653 0.6251621
1609478654 0.6249027
1609478655 0.6241703
1609478656 0.6241703
1609478657 0.6249027
1609478658 0.6256504
1609478659 0.6249027
1609478660 0.6337071
1609478661 0.623682
1609478662 0.6241703
1609478663 0.6244144
1609478664 0.6244144
1609478665 0.6200199
1609478666 0.6261387
1609478667 0.6276036
1609478668 0.6256504
1609478669 0.6293126
1609478670 0.6256504
1609478671 0.6256504
1609478672 0.6254063
1609478673 0.6298008
1609478674 0.6258945
1609478675 0.6251621
1609478676 0.6249027
1609478677 0.6261387
1609478678 0.6261387
1609478679 0.6251621
1609478680 0.6249027
1609478681 0.6258945
1609478682 0.6271153
1609478683 0.6249027
1609478684 0.6249027
1609478685 0.6251621
1609478686 0.6249027
1609478687 0.6251621
1609478688 0.6249027
1609478689 0.6249027
1609478690 0.6249027
1609478691 0.6244144
1609478692 0.6241703
1609478693 0.623682
1609478694 0.6246586
1609478695 0.6246586
1609478696 0.6239262
1609478697 0.6249027
1609478698 0.6249027
1609478699 0.6249027
1609478700 0.6249027
1609478701 0.6227054
1609478702 0.6234379
1609478703 0.6249027
1609478704 0.6249027
1609478705 0.6227054
1609478706 0.623682
1609478707 0.6249027
1609478708 0.6224613
1609478709 0.621973
1609478710 0.6241703
1609478711 0.6249027
1609478712 0.6183108
1609478713 0.6214847
1609478714 0.6214847
1609478715 0.6207523
1609478716 0.6192874
1609478717 0.6200199
1609478718 0.6205081
1609478719 0.6200199
1609478720 0.6175784
1609478721 0.6200199
1609478722 0.618555
1609478723 0.618555
1609478724 0.6163577
1609478725 0.5980468
