1609459359 1.960664
1609459360 1.967109
1609459361 1.969526
1609459362 1.963886
1609459363 1.954218
1609459364 1.93891
1609459365 1.946967
1609459366 1.94455
1609459367 1.935688
1609459368 1.90185
1609459369 1.935688
1609459370 1.927631
1609459371 1.927631
1609459372 1.915546
1609459373 1.91474
1609459374 1.92602
1609459375 1.910712
1609459376 1.905072
1609459377 1.916352
1609459378 1.903461
1609459379 1.895404
1609459380 1.899432
1609459381 1.88493
1609459382 1.881707
1609459383 1.876068
1609459384 1.880096
1609459385 1.855875
1609459386 0.0136965
1609459387 0.01933623
1609459388 0.01450217
1609459389 0.01450217
1609459390 0.01289082
1609459391 0.01772488
1609459392 0.0136965
1609459393 0.002417029
1609459394 0.01611353
1609459395 0.008056764
1609459396 0.007251087
1609459397 0.0169192
1609459398 0.07734493
1609459399 0.01127947
1609459400 0.0136965
1609459401 0.01289082
1609459402 0.0
1609459403 0.01127947
1609459404 0.008862439
1609459405 0.0136965
1609459406 0.003222705
1609459407 0.01208515
1609459408 0.0
1609459409 0.01127947
1609459410 0.01933623
1609459411 0.008862439
1609459412 0.01530785
1609459413 0.01450217
1609459414 0.01450217
1609459415 0.01530785
1609459416 0.009668117
1609459417 0.006445411
1609459418 0.01127947
1609459419 0.006445411
1609459420 0.01047379
1609459421 0.0169192
1609459422 0.004028382
1609459423 0.02094759
1609459424 0.01450217
1609459425 0.01289082
1609459426 0.008056764
1609459427 0.01289082
1609459428 0.0136965
1609459429 0.01772488
1609459430 0.01450217
1609459431 0.01530785
1609459432 0.0
1609459433 0.0
1609459434 0.01450217
1609459435 0.01450217
1609459436 0.01530785
1609459437 0.01772488
1609459438 1.992891
1609459439 1.975166
1609459440 1.976777
1609459441 2.026729
1609459442 1.954218
1609459443 1.94455
1609459444 1.946967
1609459445 1.928437
1609459446 1.918769
1609459447 1.897821
1609459448 1.900238
1609459449 1.892987
1609459450 1.867205
1609459451 1.877679
1609459452 1.863177
1609459453 1.869622
1609459454 0.01450217
1609459455 0.01450217
1609459456 0.01853055
1609459457 0.008862439
1609459458 0.01289082
1609459459 0.01289082
1609459460 0.02094759
1609459461 0.01450217
1609459462 0.02336462
1609459463 0.01450217
1609459464 0.01933623
1609459465 0.02417029
1609459466 0.01289082
1609459467 0.0136965
1609459468 0.01530785
1609459469 0.0169192
1609459470 0.01289082
1609459471 0.01450217
1609459472 0.002417029
1609459473 0.02336462
1609459474 0.01289082
1609459475 0.0136965
1609459476 0.0
1609459477 0.008056764
1609459478 0.0136965
1609459479 0.007251087
1609459480 0.01208515
1609459481 0.007251087
1609459482 0.01450217
1609459483 0.0
1609459484 0.01450217
1609459485 0.01611353
1609459486 0.01450217
1609459487 0.01530785
1609459488 0.01127947
1609459489 0.01208515
1609459490 0.02417029
1609459491 0.01289082
1609459492 0.01933623
1609459493 0.008862439
1609459494 0.0136965
1609459495 0.02094759
1609459496 0.01450217
1609459497 0.01450217
1609459498 0.01127947
1609459499 0.009668117
1609459500 0.0136965
1609459501 0.01853055
1609459502 0.03464408
1609459503 0.0169192
1609459504 0.01611353
1609459505 0.01289082
1609459506 0.02014191
1609459507 0.0136965
1609459508 0.0
1609459509 0.0169192
1609459510 0.01450217
1609459511 0.0
1609459512 0.0136965
1609459513 0.01530785
1609459514 0.02014191
1609459515 0.0306157
1609459516 0.0136965
1609459517 0.01127947
1609459518 0.007251087
1609459519 0.01853055
1609459520 0.01611353
1609459521 0.01127947
1609459522 2.001753
1609459523 1.981611
1609459524 1.966304
1609459525 1.961469
1609459526 1.963081
1609459527 1.937299
1609459528 1.930048
1609459529 1.917963
1609459530 1.911517
1609459531 1.895404
1609459532 1.891376
1609459533 1.880096
1609459534 1.878485
1609459535 1.871234
1609459536 0.009668117
1609459537 0.01611353
1609459538 0.0136965
1609459539 0.01289082
1609459540 0.01289082
1609459541 0.0
1609459542 0.02094759
1609459543 0.0169192
1609459544 0.0
1609459545 0.01611353
1609459546 0.0
1609459547 0.01450217
1609459548 0.0136965
1609459549 0.01450217
1609459550 0.01289082
1609459551 0.008056764
1609459552 0.01450217
1609459553 0.01450217
1609459554 0.01530785
1609459555 0.0136965
1609459556 0.0169192
1609459557 0.001611353
1609459558 0.01450217
1609459559 0.01127947
1609459560 0.01853055
1609459561 0.009668117
1609459562 0.01208515
1609459563 0.006445411
1609459564 0.01450217
1609459565 0.0136965
1609459566 0.006445411
1609459567 0.01611353
1609459568 0.01530785
1609459569 0.01611353
1609459570 0.01530785
1609459571 0.01047379
1609459572 0.01450217
1609459573 0.01530785
1609459574 0.009668117
1609459575 0.01772488
1609459576 0.01127947
1609459577 0.01611353
1609459578 0.01047379
1609459579 0.0
1609459580 0.01450217
1609459581 0.01530785
1609459582 0.01047379
1609459583 0.01127947
1609459584 0.0169192
1609459585 0.03222705
1609459586 0.01047379
1609459587 0.01127947
1609459588 0.0136965
1609459589 0.01047379
1609459590 0.0169192
1609459591 0.02578164
1609459592 0.009668117
1609459593 0.01450217
1609459594 0.01450217
1609459595 0.02900435
1609459596 0.01047379
1609459597 0.01450217
1609459598 0.09345846
1609459599 0.01530785
1609459600 0.01530785
1609459601 0.01611353
1609459602 0.01450217
1609459603 0.008862439
1609459604 0.04672923
1609459605 0.01289082
1609459606 0.0136965
1609459607 0.01127947
1609459608 0.008862439
1609459609 0.0169192
1609459610 0.008862439
1609459611 0.01450217
1609459612 0.004028382
1609459613 0.02014191
1609459614 0.01853055
1609459615 0.008862439
1609459616 0.009668117
1609459617 2.011421
1609459618 1.986445
1609459619 1.975972
1609459620 1.961469
1609459621 1.946967
1609459622 1.956635
1609459623 1.925214
1609459624 1.893793
1609459625 1.904266
1609459626 1.889764
1609459627 1.883319
1609459628 1.874456
1609459629 1.869622
1609459630 0.027393
1609459631 0.0136965
1609459632 0.0136965
1609459633 0.01289082
1609459634 0.0136965
1609459635 0.004028382
1609459636 0.01450217
1609459637 0.01208515
1609459638 0.0136965
1609459639 0.0
1609459640 0.03625543
1609459641 0.0
1609459642 0.01611353
1609459643 0.01450217
1609459644 0.01450217
1609459645 0.01450217
1609459646 0.01289082
1609459647 0.008862439
1609459648 0.01450217
1609459649 0.0136965
1609459650 0.01530785
1609459651 0.0169192
1609459652 0.01208515
1609459653 0.01047379
1609459654 0.01450217
1609459655 0.01530785
1609459656 0.01611353
1609459657 0.001611353
1609459658 0.01530785
1609459659 0.01530785
1609459660 0.009668117
1609459661 0.01289082
1609459662 0.01450217
1609459663 0.01127947
1609459664 0.004834058
1609459665 0.01450217
1609459666 0.01127947
1609459667 0.01611353
1609459668 0.01047379
1609459669 0.01289082
1609459670 0.0
1609459671 0.0136965
1609459672 0.008862439
1609459673 0.0136965
1609459674 0.01530785
1609459675 0.01772488
1609459676 0.01047379
1609459677 0.0
1609459678 0.01450217
1609459679 0.01289082
1609459680 0.02094759
1609459681 0.01208515
1609459682 0.01127947
1609459683 0.0008056764
1609459684 0.002417029
1609459685 0.02175326
1609459686 0.01289082
1609459687 0.006445411
1609459688 0.01127947
1609459689 0.008862439
1609459690 0.027393
1609459691 0.02900435
1609459692 0.01450217
1609459693 0.01611353
1609459694 0.008056764
1609459695 0.0136965
1609459696 0.01530785
1609459697 0.01289082
1609459698 0.01611353
1609459699 0.01530785
1609459700 0.0136965
1609459701 0.01450217
1609459702 0.007251087
1609459703 0.0136965
1609459704 0.008862439
1609459705 0.001611353
1609459706 0.01530785
1609459707 0.01208515
1609459708 0.01450217
1609459709 0.01289082
1609459710 0.01772488
1609459711 0.01289082
1609459712 0.01611353
1609459713 0.01289082
1609459714 0.0
1609459715 0.01530785
1609459716 0.01611353
1609459717 0.0136965
1609459718 0.01208515
1609459719 0.01611353
1609459720 0.01450217
1609459721 0.0136965
1609459722 1.992891
1609459723 1.977583
1609459724 1.963081
1609459725 1.945356
1609459726 1.935688
1609459727 1.922797
1609459728 1.91474
1609459729 1.90185
1609459730 1.89057
1609459731 1.872039
1609459732 1.872845
1609459733 1.86076
1609459734 0.01530785
1609459735 0.01530785
1609459736 0.0136965
1609459737 0.0169192
1609459738 0.01611353
1609459739 0.01127947
1609459740 0.01611353
1609459741 0.0169192
1609459742 0.01611353
1609459743 0.01289082
1609459744 0.01127947
1609459745 0.01289082
1609459746 0.01933623
1609459747 0.006445411
1609459748 0.01127947
1609459749 0.0
1609459750 0.01450217
1609459751 0.001611353
1609459752 0.01611353
1609459753 0.01611353
1609459754 0.007251087
1609459755 0.027393
1609459756 0.01289082
1609459757 0.01933623
1609459758 0.006445411
1609459759 0.0
1609459760 0.01127947
1609459761 0.01047379
1609459762 0.0169192
1609459763 0.0
1609459764 0.01530785
1609459765 0.01450217
1609459766 0.03464408
1609459767 0.0
1609459768 0.01127947
1609459769 0.01450217
1609459770 0.01289082
1609459771 0.008862439
1609459772 0.0169192
1609459773 0.02819867
1609459774 0.004028382
1609459775 0.03222705
1609459776 0.0136965
1609459777 0.01289082
1609459778 0.01530785
1609459779 0.0169192
1609459780 0.02014191
1609459781 0.01772488
1609459782 0.0136965
1609459783 0.01530785
1609459784 0.02255894
1609459785 0.009668117
1609459786 0.01127947
1609459787 0.01208515
1609459788 0.027393
1609459789 0.01611353
1609459790 0.01208515
1609459791 0.01611353
1609459792 0.01127947
1609459793 0.01450217
1609459794 0.0136965
1609459795 0.01450217
1609459796 0.0136965
1609459797 0.01772488
1609459798 0.0169192
1609459799 0.01611353
1609459800 0.0
1609459801 0.01530785
1609459802 0.009668117
1609459803 0.01289082
1609459804 0.01450217
1609459805 0.0136965
1609459806 0.01127947
1609459807 0.01772488
1609459808 0.01450217
1609459809 0.008862439
1609459810 0.01289082
1609459811 0.01450217
1609459812 0.02175326
1609459813 0.01127947
1609459814 0.02417029
1609459815 0.01772488
1609459816 0.004028382
1609459817 0.01208515
1609459818 0.0169192
1609459819 0.01772488
1609459820 0.003222705
1609459821 0.01208515
1609459822 0.03222705
1609459823 0.01450217
1609459824 0.0136965
1609459825 0.01127947
1609459826 0.007251087
1609459827 0.02014191
1609459828 0.01047379
1609459829 0.01772488
1609459830 0.0136965
1609459831 0.01772488
1609459832 0.007251087
1609459833 0.02255894
1609459834 0.01611353
1609459835 0.01530785
1609459836 0.006445411
1609459837 1.992891
1609459838 1.973555
1609459839 1.967915
1609459840 1.949384
1609459841 1.937299
1609459842 1.923603
1609459843 1.91474
1609459844 1.900238
1609459845 1.886541
1609459846 1.871234
1609459847 1.859149
1609459848 1.868817
1609459849 0.01772488
1609459850 0.01450217
1609459851 0.0136965
1609459852 0.01611353
1609459853 0.01772488
1609459854 0.02255894
1609459855 0.01047379
1609459856 0.01853055
1609459857 0.006445411
1609459858 0.02658732
1609459859 0.006445411
1609459860 0.0136965
1609459861 0.003222705
1609459862 0.02014191
1609459863 0.01611353
1609459864 0.01611353
1609459865 0.01611353
1609459866 0.009668117
1609459867 0.03947814
1609459868 0.01933623
1609459869 0.01127947
1609459870 0.0136965
1609459871 0.01530785
1609459872 0.01208515
1609459873 0.01450217
1609459874 0.01611353
1609459875 0.0
1609459876 0.02255894
1609459877 0.006445411
1609459878 0.01611353
1609459879 0.01450217
1609459880 0.01450217
1609459881 0.01450217
1609459882 0.01611353
1609459883 0.0136965
1609459884 0.0136965
1609459885 0.01611353
1609459886 0.05881437
1609459887 0.01933623
1609459888 0.01611353
1609459889 0.01611353
1609459890 0.03786679
1609459891 0.01208515
1609459892 0.04592356
1609459893 0.0136965
1609459894 0.0
1609459895 0.01127947
1609459896 0.01450217
1609459897 0.01289082
1609459898 0.03303273
1609459899 0.01530785
1609459900 0.02014191
1609459901 0.02094759
1609459902 0.01047379
1609459903 0.01450217
1609459904 0.01611353
1609459905 0.01127947
1609459906 0.01530785
1609459907 0.01530785
1609459908 0.01450217
1609459909 0.01611353
1609459910 0.0
1609459911 0.01450217
1609459912 0.01530785
1609459913 0.0
1609459914 0.01450217
1609459915 0.009668117
1609459916 0.01611353
1609459917 0.01772488
1609459918 0.01208515
1609459919 0.02094759
1609459920 0.01289082
1609459921 0.01289082
1609459922 0.0169192
1609459923 0.01289082
1609459924 0.03303273
1609459925 0.01450217
1609459926 0.02175326
1609459927 0.0136965
1609459928 0.04350652
1609459929 0.004028382
1609459930 0.0
1609459931 0.0
1609459932 0.0136965
1609459933 0.0169192
1609459934 0.03142138
1609459935 0.01933623
1609459936 0.01530785
1609459937 0.01530785
1609459938 0.02014191
1609459939 0.0136965
1609459940 0.01127947
1609459941 0.01611353
1609459942 0.004028382
1609459943 0.01289082
1609459944 0.0136965
1609459945 0.0
1609459946 0.009668117
1609459947 0.003222705
1609459948 0.0
1609459949 0.01208515
1609459950 0.0136965
1609459951 0.01289082
1609459952 0.01611353
1609459953 0.0136965
1609459954 0.009668117
1609459955 0.01611353
1609459956 0.02336462
1609459957 0.007251087
1609459958 0.008862439
1609459959 0.0169192
1609459960 0.0136965
1609459961 0.02417029
1609459962 0.01127947
1609459963 0.02819867
1609459964 0.007251087
1609459965 0.01611353
1609459966 1.936493
1609459967 1.963081
1609459968 1.949384
1609459969 1.937299
1609459970 1.924408
1609459971 1.906683
1609459972 1.897015
1609459973 1.898627
1609459974 1.885736
1609459975 1.8664
1609459976 1.852653
1609459977 0.01611353
1609459978 0.01611353
1609459979 0.01289082
1609459980 0.0169192
1609459981 0.01933623
1609459982 0.01047379
1609459983 0.0169192
1609459984 0.009668117
1609459985 0.008056764
1609459986 0.009668117
1609459987 0.01127947
1609459988 0.0136965
1609459989 0.009668117
1609459990 0.004834058
1609459991 0.01289082
1609459992 0.01127947
1609459993 0.01611353
1609459994 0.01530785
1609459995 0.01289082
1609459996 0.02981002
1609459997 0.02981002
1609459998 0.01772488
1609459999 0.01530785
1609460000 0.01530785
1609460001 0.004834058
1609460002 0.01289082
1609460003 0.01611353
1609460004 0.01289082
1609460005 0.01450217
1609460006 0.0136965
1609460007 0.01289082
1609460008 0.01772488
1609460009 0.01530785
1609460010 0.01530785
1609460011 0.0169192
1609460012 0.008862439
1609460013 0.01611353
1609460014 0.004028382
1609460015 0.01530785
1609460016 0.01611353
1609460017 0.02336462
1609460018 0.0136965
1609460019 0.06687114
1609460020 0.01611353
1609460021 0.01127947
1609460022 0.0136965
1609460023 0.1305196
1609460024 0.02014191
1609460025 0.01450217
1609460026 0.006445411
1609460027 0.01611353
1609460028 0.0136965
1609460029 0.01530785
1609460030 0.01127947
1609460031 0.01530785
1609460032 0.009668117
1609460033 0.01611353
1609460034 0.01127947
1609460035 0.01611353
1609460036 0.03464408
1609460037 0.0
1609460038 0.0169192
1609460039 0.002417029
1609460040 0.01047379
1609460041 0.0136965
1609460042 0.01289082
1609460043 0.02014191
1609460044 0.01450217
1609460045 0.01611353
1609460046 0.02417029
1609460047 0.02094759
1609460048 0.0136965
1609460049 0.01127947
1609460050 0.01047379
1609460051 0.001611353
1609460052 0.01127947
1609460053 0.01530785
1609460054 0.01933623
1609460055 0.0136965
1609460056 0.02336462
1609460057 0.0136965
1609460058 0.02175326
1609460059 0.008056764
1609460060 0.0
1609460061 0.01450217
1609460062 0.01530785
1609460063 0.01611353
1609460064 0.01450217
1609460065 0.01530785
1609460066 0.007251087
1609460067 0.01047379
1609460068 0.0136965
1609460069 0.01127947
1609460070 0.007251087
1609460071 0.01772488
1609460072 0.01450217
1609460073 0.01772488
1609460074 0.01289082
1609460075 0.007251087
1609460076 0.01208515
1609460077 0.009668117
1609460078 0.01047379
1609460079 0.0136965
1609460080 0.0136965
1609460081 0.01208515
1609460082 0.0136965
1609460083 0.01289082
1609460084 0.02094759
1609460085 0.07895628
1609460086 0.01289082
1609460087 0.01772488
1609460088 0.01047379
1609460089 0.01933623
1609460090 0.01127947
1609460091 0.01208515
1609460092 0.0
1609460093 0.009668117
1609460094 0.006445411
1609460095 0.01530785
1609460096 0.01450217
1609460097 0.01772488
1609460098 0.02658732
1609460099 0.008862439
1609460100 0.01772488
1609460101 0.2119432
1609460102 0.01289082
1609460103 0.0136965
1609460104 0.01530785
1609460105 0.02658732
1609460106 0.01772488
1609460107 0.01530785
1609460108 0.03947814
1609460109 0.01530785
1609460110 0.01772488
1609460111 0.0169192
1609460112 0.01530785
1609460113 0.01450217
1609460114 1.977583
1609460115 1.953413
1609460116 1.942939
1609460117 1.934076
1609460118 1.906683
1609460119 1.901044
1609460120 1.891376
1609460121 1.877679
1609460122 1.864788
1609460123 1.86076
1609460124 1.840568
1609460125 0.01530785
1609460126 0.01450217
1609460127 0.02014191
1609460128 0.01127947
1609460129 0.0169192
1609460130 0.01853055
1609460131 0.027393
1609460132 0.01611353
1609460133 0.01289082
1609460134 0.01530785
1609460135 0.01289082
1609460136 0.005639734
1609460137 0.01450217
1609460138 0.01289082
1609460139 0.0136965
1609460140 0.01530785
1609460141 0.01611353
1609460142 0.01530785
1609460143 0.003222705
1609460144 0.01047379
1609460145 0.01530785
1609460146 0.01611353
1609460147 0.01933623
1609460148 0.01450217
1609460149 0.0
1609460150 0.006445411
1609460151 0.04834058
1609460152 0.01611353
1609460153 0.01530785
1609460154 0.0136965
1609460155 0.01772488
1609460156 0.009668117
1609460157 0.008056764
1609460158 0.01289082
1609460159 0.01127947
1609460160 0.0136965
1609460161 0.0008056764
1609460162 0.01530785
1609460163 0.01047379
1609460164 0.02014191
1609460165 0.0
1609460166 0.0136965
1609460167 0.0136965
1609460168 0.0
1609460169 0.01530785
1609460170 0.0136965
1609460171 0.01047379
1609460172 0.01611353
1609460173 0.01289082
1609460174 0.01772488
1609460175 0.0136965
1609460176 0.01611353
1609460177 0.001611353
1609460178 0.01450217
1609460179 0.0169192
1609460180 0.01450217
1609460181 0.0136965
1609460182 0.01530785
1609460183 0.01289082
1609460184 0.009668117
1609460185 0.01611353
1609460186 0.01450217
1609460187 0.0169192
1609460188 0.01530785
1609460189 0.0136965
1609460190 0.01127947
1609460191 0.0306157
1609460192 0.007251087
1609460193 0.0169192
1609460194 0.01127947
1609460195 0.0136965
1609460196 0.01450217
1609460197 0.0
1609460198 0.008056764
1609460199 0.0
1609460200 0.0136965
1609460201 0.01289082
1609460202 0.0136965
1609460203 0.02094759
1609460204 0.01611353
1609460205 0.008862439
1609460206 0.01772488
1609460207 0.01450217
1609460208 0.01450217
1609460209 0.01208515
1609460210 0.01450217
1609460211 0.027393
1609460212 0.01127947
1609460213 0.0136965
1609460214 0.02094759
1609460215 0.01289082
1609460216 0.02014191
1609460217 0.02336462
1609460218 0.0136965
1609460219 0.01611353
1609460220 0.01047379
1609460221 0.01450217
1609460222 0.02255894
1609460223 0.01933623
1609460224 0.0
1609460225 0.01772488
1609460226 0.01530785
1609460227 0.0136965
1609460228 0.0169192
1609460229 0.01450217
1609460230 0.01772488
1609460231 0.02014191
1609460232 0.02014191
1609460233 0.07412222
1609460234 0.0169192
1609460235 0.02255894
1609460236 0.01530785
1609460237 0.01450217
1609460238 0.01611353
1609460239 0.01530785
1609460240 0.01772488
1609460241 0.0136965
1609460242 0.009668117
1609460243 0.01047379
1609460244 0.01530785
1609460245 0.01289082
1609460246 0.01047379
1609460247 0.0
1609460248 0.01530785
1609460249 0.01530785
1609460250 0.01208515
1609460251 0.01047379
1609460252 0.0136965
1609460253 0.01530785
1609460254 0.01933623
1609460255 0.0169192
1609460256 0.003222705
1609460257 0.01450217
1609460258 0.0136965
1609460259 0.01530785
1609460260 0.006445411
1609460261 0.01530785
1609460262 0.01289082
1609460263 0.001611353
1609460264 0.01047379
1609460265 0.01530785
1609460266 0.01530785
1609460267 0.0136965
1609460268 0.0
1609460269 0.02175326
1609460270 0.01611353
1609460271 0.02014191
1609460272 0.01289082
1609460273 0.0136965
1609460274 0.01530785
1609460275 0.01611353
1609460276 0.01450217
1609460277 0.01450217
1609460278 0.01450217
1609460279 0.01047379
1609460280 0.01611353
1609460281 0.01289082
1609460282 0.01450217
1609460283 0.01530785
1609460284 0.01450217
1609460285 0.01530785
1609460286 0.01530785
1609460287 0.0
1609460288 0.008056764
1609460289 0.01611353
1609460290 0.0
1609460291 0.009668117
1609460292 0.0008056764
1609460293 1.983223
1609460294 1.961469
1609460295 1.93891
1609460296 1.911517
1609460297 1.906683
1609460298 1.894598
1609460299 1.87929
1609460300 1.871234
1609460301 1.863177
1609460302 1.850236
1609460303 1.827677
1609460304 0.01047379
1609460305 0.0136965
1609460306 0.0169192
1609460307 0.002417029
1609460308 0.02175326
1609460309 0.01530785
1609460310 0.0136965
1609460311 0.0169192
1609460312 0.0136965
1609460313 0.01450217
1609460314 0.01450217
1609460315 0.0
1609460316 0.0136965
1609460317 0.01450217
1609460318 0.0136965
1609460319 0.01530785
1609460320 0.008862439
1609460321 0.02255894
1609460322 0.01611353
1609460323 0.01289082
1609460324 0.0136965
1609460325 0.0136965
1609460326 0.01289082
1609460327 0.001611353
1609460328 0.01530785
1609460329 0.01289082
1609460330 0.0169192
1609460331 0.01530785
1609460332 0.01208515
1609460333 0.004834058
1609460334 0.2554498
1609460335 0.02014191
1609460336 0.009668117
1609460337 0.01450217
1609460338 0.01611353
1609460339 0.01450217
1609460340 0.01772488
1609460341 0.03222705
1609460342 0.01530785
1609460343 0.0136965
1609460344 0.0169192
1609460345 0.01047379
1609460346 0.0136965
1609460347 0.01530785
1609460348 0.01772488
1609460349 0.01289082
1609460350 0.01127947
1609460351 0.01530785
1609460352 0.01611353
1609460353 0.0169192
1609460354 0.01047379
1609460355 0.01450217
1609460356 0.01530785
1609460357 0.01611353
1609460358 0.03706111
1609460359 0.01450217
1609460360 0.01530785
1609460361 0.01772488
1609460362 0.008862439
1609460363 0.0169192
1609460364 0.01611353
1609460365 0.01530785
1609460366 0.008056764
1609460367 0.006445411
1609460368 0.01772488
1609460369 0.0306157
1609460370 0.01933623
1609460371 0.01772488
1609460372 0.0
1609460373 0.01127947
1609460374 0.01611353
1609460375 0.02094759
1609460376 0.01450217
1609460377 0.007251087
1609460378 0.01450217
1609460379 0.02014191
1609460380 0.01127947
1609460381 0.0136965
1609460382 0.01933623
1609460383 0.009668117
1609460384 0.0
1609460385 0.01047379
1609460386 0.004028382
1609460387 0.0169192
1609460388 0.01208515
1609460389 0.0169192
1609460390 0.01450217
1609460391 0.02094759
1609460392 0.01611353
1609460393 0.01611353
1609460394 0.0136965
1609460395 0.01289082
1609460396 0.01450217
1609460397 0.03303273
1609460398 0.01530785
1609460399 0.0
1609460400 0.01772488
1609460401 0.02255894
1609460402 0.01772488
1609460403 0.0169192
1609460404 0.01289082
1609460405 0.01450217
1609460406 0.01530785
1609460407 0.01530785
1609460408 0.01289082
1609460409 0.01772488
1609460410 0.02417029
1609460411 0.01450217
1609460412 0.0136965
1609460413 0.02094759
1609460414 0.01530785
1609460415 0.007251087
1609460416 0.02094759
1609460417 0.02014191
1609460418 0.007251087
1609460419 0.01047379
1609460420 0.01611353
1609460421 0.0136965
1609460422 0.0008056764
1609460423 0.02497597
1609460424 0.008862439
1609460425 0.01611353
1609460426 0.09104142
1609460427 0.01530785
1609460428 0.0136965
1609460429 0.02094759
1609460430 0.01772488
1609460431 0.002417029
1609460432 0.0169192
1609460433 0.01611353
1609460434 0.006445411
1609460435 0.08137331
1609460436 0.01530785
1609460437 0.01772488
1609460438 0.01530785
1609460439 0.01611353
1609460440 0.002417029
1609460441 0.01611353
1609460442 0.0136965
1609460443 0.0136965
1609460444 0.0136965
1609460445 0.01208515
1609460446 0.01611353
1609460447 0.0169192
1609460448 0.02014191
1609460449 0.006445411
1609460450 0.0169192
1609460451 0.02094759
1609460452 0.01933623
1609460453 0.0169192
1609460454 0.0169192
1609460455 0.005639734
1609460456 0.008862439
1609460457 0.01530785
1609460458 0.01450217
1609460459 0.01772488
1609460460 0.01450217
1609460461 0.01530785
1609460462 0.01933623
1609460463 0.003222705
1609460464 0.01933623
1609460465 0.02900435
1609460466 0.0
1609460467 0.01530785
1609460468 0.02336462
1609460469 0.01289082
1609460470 0.01611353
1609460471 0.006445411
1609460472 0.01450217
1609460473 0.01289082
1609460474 0.0169192
1609460475 0.0
1609460476 0.0136965
1609460477 0.008862439
1609460478 0.01047379
1609460479 0.01530785
1609460480 0.008056764
1609460481 0.01611353
1609460482 0.01530785
1609460483 0.0
1609460484 0.009668117
1609460485 0.0136965
1609460486 0.007251087
1609460487 0.01450217
1609460488 0.0136965
1609460489 0.01450217
1609460490 0.0
1609460491 0.0
1609460492 0.0
1609460493 0.01289082
1609460494 0.01450217
1609460495 0.0169192
1609460496 0.02094759
1609460497 0.01450217
1609460498 0.01530785
1609460499 0.01208515
1609460500 0.01611353
1609460501 0.01289082
1609460502 0.01450217
1609460503 0.02094759
1609460504 0.0136965
1609460505 0.02094759
1609460506 0.0
1609460507 0.0
1609460508 0.008862439
1609460509 0.008862439
1609460510 0.02255894
1609460511 0.01933623
1609460512 1.988057
1609460513 1.960664
1609460514 1.948579
1609460515 1.934076
1609460516 1.949384
1609460517 1.90185
1609460518 1.887347
1609460519 1.874456
1609460520 1.865594
1609460521 1.856732
1609460522 1.839762
1609460523 0.01530785
1609460524 0.01450217
1609460525 0.01450217
1609460526 0.01530785
1609460527 0.01208515
1609460528 0.0
1609460529 0.01530785
1609460530 0.01530785
1609460531 0.01933623
1609460532 0.0
1609460533 0.01611353
1609460534 0.009668117
1609460535 0.01289082
1609460536 0.01530785
1609460537 0.01450217
1609460538 0.01530785
1609460539 0.01047379
1609460540 0.01611353
1609460541 0.0169192
1609460542 0.008056764
1609460543 0.01530785
1609460544 0.02175326
1609460545 0.02578164
1609460546 0.01127947
1609460547 0.04914626
1609460548 0.02094759
1609460549 0.008862439
1609460550 0.01047379
1609460551 0.01611353
1609460552 0.01450217
1609460553 0.0136965
1609460554 0.0136965
1609460555 0.01530785
1609460556 0.0
1609460557 0.0169192
1609460558 0.006445411
1609460559 0.01611353
1609460560 0.009668117
1609460561 0.01450217
1609460562 0.02014191
1609460563 0.01047379
1609460564 0.009668117
1609460565 0.01611353
1609460566 0.01450217
1609460567 0.01208515
1609460568 0.02819867
1609460569 0.0169192
1609460570 0.01127947
1609460571 0.01450217
1609460572 0.01047379
1609460573 0.01208515
1609460574 0.0136965
1609460575 0.01047379
1609460576 0.01611353
1609460577 0.02014191
1609460578 0.01611353
1609460579 0.01047379
1609460580 0.009668117
1609460581 0.01289082
1609460582 0.0169192
1609460583 0.01450217
1609460584 0.0136965
1609460585 0.01289082
1609460586 0.0136965
1609460587 0.01289082
1609460588 0.01611353
1609460589 0.01933623
1609460590 0.0169192
1609460591 0.002417029
1609460592 0.009668117
1609460593 0.01450217
1609460594 0.0136965
1609460595 0.01530785
1609460596 0.01450217
1609460597 0.05478599
1609460598 0.01450217
1609460599 0.01450217
1609460600 0.01933623
1609460601 0.02175326
1609460602 0.0169192
1609460603 0.01530785
1609460604 0.0136965
1609460605 0.02336462
1609460606 0.0169192
1609460607 0.02981002
1609460608 0.01611353
1609460609 0.01450217
1609460610 0.01530785
1609460611 0.0136965
1609460612 0.02255894
1609460613 0.0169192
1609460614 0.01450217
1609460615 0.001611353
1609460616 0.01208515
1609460617 0.01047379
1609460618 0.02417029
1609460619 0.06928816
1609460620 0.01127947
1609460621 0.0306157
1609460622 0.01530785
1609460623 0.007251087
1609460624 0.01530785
1609460625 0.01772488
1609460626 0.04108949
1609460627 0.01450217
1609460628 0.0136965
1609460629 0.01530785
1609460630 0.01611353
1609460631 0.0136965
1609460632 0.004834058
1609460633 0.01289082
1609460634 0.001611353
1609460635 0.01127947
1609460636 0.0169192
1609460637 0.01289082
1609460638 0.01611353
1609460639 0.02336462
1609460640 0.0169192
1609460641 0.01530785
1609460642 0.001611353
1609460643 0.006445411
1609460644 0.0136965
1609460645 0.02819867
1609460646 0.02094759
1609460647 0.01450217
1609460648 0.01772488
1609460649 0.0136965
1609460650 0.02014191
1609460651 0.0306157
1609460652 0.0
1609460653 0.01530785
1609460654 0.0169192
1609460655 0.0136965
1609460656 0.01611353
1609460657 0.0169192
1609460658 0.004834058
1609460659 0.008056764
1609460660 0.01450217
1609460661 0.01450217
1609460662 0.02981002
1609460663 0.01127947
1609460664 0.02658732
1609460665 0.01611353
1609460666 0.005639734
1609460667 0.01853055
1609460668 0.0136965
1609460669 0.01611353
1609460670 0.01289082
1609460671 0.0008056764
1609460672 0.01450217
1609460673 0.002417029
1609460674 0.0136965
1609460675 0.01530785
1609460676 0.03706111
1609460677 0.0
1609460678 0.0
1609460679 0.01127947
1609460680 0.004834058
1609460681 0.01289082
1609460682 0.01289082
1609460683 0.01450217
1609460684 0.001611353
1609460685 0.01208515
1609460686 0.02417029
1609460687 0.01530785
1609460688 0.01208515
1609460689 0.007251087
1609460690 0.01047379
1609460691 0.02578164
1609460692 0.0
1609460693 0.01611353
1609460694 0.01772488
1609460695 0.02417029
1609460696 0.03142138
1609460697 0.0
1609460698 0.01289082
1609460699 0.01450217
1609460700 0.007251087
1609460701 0.01127947
1609460702 0.01611353
1609460703 0.0136965
1609460704 0.01450217
1609460705 0.01208515
1609460706 0.004834058
1609460707 0.01933623
1609460708 0.01611353
1609460709 0.008862439
1609460710 0.01772488
1609460711 0.01450217
1609460712 0.0169192
1609460713 0.01127947
1609460714 0.01530785
1609460715 0.0136965
1609460716 0.0136965
1609460717 0.0169192
1609460718 0.01530785
1609460719 0.01611353
1609460720 0.007251087
1609460721 0.01530785
1609460722 0.0
1609460723 0.01611353
1609460724 0.01450217
1609460725 0.01127947
1609460726 0.01450217
1609460727 0.01933623
1609460728 0.0136965
1609460729 0.01530785
1609460730 0.007251087
1609460731 0.004028382
1609460732 0.001611353
1609460733 0.0008056764
1609460734 0.01530785
1609460735 0.008862439
1609460736 0.01611353
1609460737 0.01047379
1609460738 0.0
1609460739 0.01611353
1609460740 0.01611353
1609460741 0.01047379
1609460742 0.0
1609460743 0.004028382
1609460744 0.01772488
1609460745 0.02658732
1609460746 0.01530785
1609460747 0.01530785
1609460748 0.01450217
1609460749 0.008862439
1609460750 0.01127947
1609460751 0.01289082
1609460752 0.01933623
1609460753 0.002417029
1609460754 0.0136965
1609460755 0.01208515
1609460756 0.01047379
1609460757 0.02417029
1609460758 0.0136965
1609460759 0.01450217
1609460760 0.01450217
1609460761 0.0136965
1609460762 0.0
1609460763 0.0136965
1609460764 0.01289082
1609460765 0.004834058
1609460766 0.01127947
1609460767 0.01289082
1609460768 0.01450217
1609460769 0.01289082
1609460770 0.01289082
1609460771 1.979194
1609460772 1.949384
1609460773 1.930048
1609460774 1.921186
1609460775 1.902655
1609460776 1.891376
1609460777 1.880096
1609460778 1.8664
1609460779 1.854264
1609460780 1.845402
1609460781 0.02255894
1609460782 0.02658732
1609460783 0.0
1609460784 0.0136965
1609460785 0.01127947
1609460786 0.0136965
1609460787 0.01289082
1609460788 0.01611353
1609460789 0.0169192
1609460790 0.006445411
1609460791 0.01047379
1609460792 0.009668117
1609460793 0.01933623
1609460794 0.01772488
1609460795 0.02578164
1609460796 0.01530785
1609460797 0.01289082
1609460798 0.02819867
1609460799 0.01772488
1609460800 0.01289082
1609460801 0.02175326
1609460802 0.01450217
1609460803 0.0169192
1609460804 0.0
1609460805 0.01450217
1609460806 0.02094759
1609460807 0.002417029
1609460808 0.0136965
1609460809 0.02014191
1609460810 0.007251087
1609460811 0.01611353
1609460812 0.01289082
1609460813 0.01450217
1609460814 0.02014191
1609460815 0.0169192
1609460816 0.01530785
1609460817 0.0169192
1609460818 0.02094759
1609460819 0.0
1609460820 0.01450217
1609460821 0.01853055
1609460822 0.0
1609460823 0.02417029
1609460824 0.01127947
1609460825 0.01530785
1609460826 0.01530785
1609460827 0.02175326
1609460828 0.01450217
1609460829 0.02658732
1609460830 0.01127947
1609460831 0.01853055
1609460832 0.0136965
1609460833 0.007251087
1609460834 0.01772488
1609460835 0.01611353
1609460836 0.0169192
1609460837 0.0136965
1609460838 0.01450217
1609460839 0.01530785
1609460840 0.007251087
1609460841 0.01047379
1609460842 0.01933623
1609460843 0.01530785
1609460844 0.01530785
1609460845 0.01530785
1609460846 0.01530785
1609460847 0.02014191
1609460848 0.01611353
1609460849 0.01450217
1609460850 0.01772488
1609460851 0.01450217
1609460852 0.02417029
1609460853 0.0169192
1609460854 0.01289082
1609460855 0.01450217
1609460856 0.008862439
1609460857 0.01289082
1609460858 0.01289082
1609460859 0.01289082
1609460860 0.01208515
1609460861 0.0136965
1609460862 0.01289082
1609460863 0.001611353
1609460864 0.01127947
1609460865 0.01127947
1609460866 0.0136965
1609460867 0.01127947
1609460868 0.01208515
1609460869 0.009668117
1609460870 0.0136965
1609460871 0.01127947
1609460872 0.0136965
1609460873 0.0136965
1609460874 0.02014191
1609460875 0.01208515
1609460876 0.01208515
1609460877 0.01289082
1609460878 0.0136965
1609460879 0.009668117
1609460880 0.01289082
1609460881 0.01127947
1609460882 0.01289082
1609460883 0.01289082
1609460884 0.01047379
1609460885 0.009668117
1609460886 0.01289082
1609460887 0.0136965
1609460888 0.01289082
1609460889 0.01289082
1609460890 0.02175326
1609460891 0.01289082
1609460892 0.01289082
1609460893 0.01127947
1609460894 0.008056764
1609460895 0.01450217
1609460896 0.01047379
1609460897 0.01289082
1609460898 0.006445411
1609460899 0.0136965
1609460900 0.0136965
1609460901 0.01208515
1609460902 0.01127947
1609460903 0.01127947
1609460904 0.01289082
1609460905 0.01289082
1609460906 0.01047379
1609460907 0.01289082
1609460908 0.0136965
1609460909 0.01289082
1609460910 0.01208515
1609460911 0.01208515
1609460912 0.01450217
1609460913 0.01208515
1609460914 0.01208515
1609460915 0.01127947
1609460916 0.0136965
1609460917 0.01289082
1609460918 0.0136965
1609460919 0.008056764
1609460920 0.0136965
1609460921 0.01530785
1609460922 0.01289082
1609460923 0.004028382
1609460924 0.006445411
1609460925 0.0136965
1609460926 0.007251087
1609460927 0.001611353
1609460928 0.02094759
1609460929 0.0136965
1609460930 0.01127947
1609460931 0.01047379
1609460932 0.01047379
1609460933 0.0136965
1609460934 0.01289082
1609460935 0.009668117
1609460936 0.0136965
1609460937 0.01289082
1609460938 0.01289082
1609460939 0.0136965
1609460940 0.0136965
1609460941 0.008056764
1609460942 0.01127947
1609460943 0.03303273
1609460944 0.0136965
1609460945 0.0169192
1609460946 0.007251087
1609460947 0.01047379
1609460948 0.0169192
1609460949 0.01127947
1609460950 0.008056764
1609460951 0.0136965
1609460952 0.006445411
1609460953 0.01450217
1609460954 0.01450217
1609460955 0.01127947
1609460956 0.01289082
1609460957 0.01289082
1609460958 0.06848249
1609460959 0.01289082
1609460960 0.01127947
1609460961 0.01289082
1609460962 0.01530785
1609460963 0.0
1609460964 0.0136965
1609460965 0.01047379
1609460966 0.01289082
1609460967 0.0136965
1609460968 0.0136965
1609460969 0.009668117
1609460970 0.01611353
1609460971 0.01289082
1609460972 0.01047379
1609460973 0.01289082
1609460974 0.01289082
1609460975 0.01127947
1609460976 0.01450217
1609460977 0.01047379
1609460978 0.02094759
1609460979 0.01127947
1609460980 0.01127947
1609460981 0.01289082
1609460982 0.0136965
1609460983 0.0136965
1609460984 0.0136965
1609460985 0.01127947
1609460986 0.01772488
1609460987 0.01530785
1609460988 0.01289082
1609460989 0.01289082
1609460990 0.01289082
1609460991 0.0136965
1609460992 0.01450217
1609460993 0.01530785
1609460994 0.01047379
1609460995 0.01208515
1609460996 0.01127947
1609460997 0.02014191
1609460998 0.004834058
1609460999 0.01289082
1609461000 0.0136965
1609461001 0.01289082
1609461002 0.01047379
1609461003 0.01208515
1609461004 0.0136965
1609461005 0.01611353
1609461006 0.009668117
1609461007 0.01933623
1609461008 0.0136965
1609461009 0.02175326
1609461010 0.01289082
1609461011 0.0136965
1609461012 0.01289082
1609461013 0.0136965
1609461014 0.01127947
1609461015 0.0136965
1609461016 0.0136965
1609461017 0.02014191
1609461018 0.0136965
1609461019 0.01289082
1609461021 0.01289082
1609461022 0.0136965
1609461023 0.01047379
1609461024 0.01127947
1609461025 0.0136965
1609461026 0.01530785
1609461027 0.0136965
1609461028 0.01208515
1609461029 0.02175326
1609461030 0.0136965
1609461031 0.01289082
1609461032 0.01289082
1609461033 0.01289082
1609461034 0.0136965
1609461035 0.01289082
1609461036 0.02014191
1609461037 0.01289082
1609461038 0.01289082
1609461039 0.009668117
1609461040 0.01289082
1609461041 0.0136965
1609461042 0.01289082
1609461043 0.02094759
1609461044 0.01611353
1609461045 0.0136965
1609461046 0.02175326
1609461047 0.0136965
1609461048 0.02175326
1609461049 0.01127947
1609461050 0.01208515
1609461051 0.01047379
1609461052 0.02175326
1609461053 0.01772488
1609461054 0.0136965
1609461055 0.0136965
1609461056 0.01289082
1609461057 0.008862439
1609461058 0.01450217
1609461059 0.009668117
1609461060 0.01289082
1609461061 0.01289082
1609461062 0.0136965
1609461063 0.01289082
1609461064 0.008056764
1609461065 0.01450217
1609461066 0.01530785
1609461067 0.01450217
1609461068 0.01450217
1609461069 0.0136965
1609461070 0.01450217
1609461071 0.008862439
1609461072 0.01047379
1609461073 0.01450217
1609461074 0.01450217
1609461075 0.007251087
1609461076 0.01611353
1609461077 0.0008056764
1609461078 0.01127947
1609461079 0.01450217
1609461080 0.04028382
1609461081 0.009668117
1609461082 0.01450217
1609461083 0.01208515
1609461084 0.01289082
1609461085 0.01289082
1609461086 0.0136965
1609461087 0.01208515
1609461088 0.0136965
1609461089 0.01047379
1609461090 0.01611353
1609461091 0.0136965
1609461092 0.0136965
1609461093 0.01933623
1609461094 0.004028382
1609461095 0.01047379
1609461096 0.01289082
1609461097 0.01289082
1609461098 0.009668117
1609461099 0.01127947
1609461100 0.007251087
1609461101 0.009668117
1609461102 0.01289082
1609461103 0.01127947
1609461104 0.01450217
1609461105 0.01289082
1609461106 0.0136965
1609461107 0.0136965
1609461108 0.01289082
1609461109 0.02578164
1609461110 0.01530785
1609461111 0.01208515
1609461112 0.0136965
1609461113 0.01289082
1609461114 0.02014191
1609461115 0.008862439
1609461116 0.01289082
1609461117 0.01127947
1609461118 0.01208515
1609461119 0.01047379
1609461120 0.0136965
1609461121 0.0136965
1609461122 0.01611353
1609461123 0.01289082
1609461124 0.01289082
1609461125 0.01289082
1609461126 0.0136965
1609461127 0.01289082
1609461128 0.01853055
1609461129 0.03625543
1609461130 0.008056764
1609461131 0.01530785
1609461132 0.01289082
1609461133 0.0136965
1609461134 0.01127947
1609461135 0.01289082
1609461136 0.01289082
1609461137 0.0136965
1609461138 0.01208515
1609461139 0.01530785
1609461140 0.01289082
1609461141 0.01289082
1609461142 0.01289082
1609461143 0.0136965
1609461144 0.01289082
1609461145 0.01289082
1609461146 0.01047379
1609461147 0.01289082
1609461148 0.01289082
1609461149 0.01127947
1609461150 0.009668117
1609461151 0.01530785
1609461152 0.009668117
1609461153 0.0136965
1609461154 0.01289082
1609461155 0.01450217
1609461156 0.01127947
1609461157 0.01450217
1609461158 0.01289082
1609461159 0.01611353
1609461160 0.006445411
1609461161 0.01127947
1609461162 0.006445411
1609461163 0.0
1609461164 0.01450217
1609461165 0.003222705
1609461166 0.0136965
1609461167 0.01289082
1609461168 0.01208515
1609461169 0.01289082
1609461170 0.0136965
1609461171 0.01289082
1609461172 0.006445411
1609461173 0.01289082
1609461174 0.01047379
1609461175 0.01208515
1609461176 0.01127947
1609461177 0.01450217
1609461178 0.0136965
1609461179 0.0136965
1609461180 0.0136965
1609461181 0.0136965
1609461182 0.0136965
1609461183 0.01289082
1609461184 0.01289082
1609461185 0.008862439
1609461186 0.0136965
1609461187 0.0136965
1609461188 0.0136965
1609461189 0.01047379
1609461190 0.003222705
1609461191 0.0136965
1609461192 0.0136965
1609461193 0.0169192
1609461194 0.01208515
1609461195 0.01289082
1609461196 0.01611353
1609461197 0.01772488
1609461198 0.01289082
1609461199 0.01208515
1609461200 0.01530785
1609461201 0.01127947
1609461202 0.008862439
1609461203 0.01289082
1609461204 0.01611353
1609461205 0.01450217
1609461206 0.0169192
1609461207 0.0136965
1609461208 0.01289082
1609461209 0.008056764
1609461210 0.01289082
1609461211 0.002417029
1609461212 0.009668117
1609461213 0.01208515
1609461214 0.01289082
1609461215 0.01289082
1609461216 0.008056764
1609461217 0.0136965
1609461218 0.01208515
1609461219 0.009668117
1609461220 0.01611353
1609461221 0.004834058
1609461222 0.0136965
1609461223 0.01289082
1609461224 0.01289082
1609461225 0.01289082
1609461226 0.01611353
1609461227 0.01127947
1609461228 0.01127947
1609461229 0.01047379
1609461230 0.01289082
1609461231 0.01289082
1609461232 0.01289082
1609461233 0.0136965
1609461234 0.01530785
1609461235 0.01289082
1609461236 0.01289082
1609461237 0.01127947
1609461238 0.01530785
1609461239 0.0136965
1609461240 0.01047379
1609461241 0.01289082
1609461242 0.027393
1609461243 0.01289082
1609461244 0.01289082
1609461245 0.01289082
1609461246 0.01289082
1609461247 0.02900435
1609461248 0.01127947
1609461249 0.01289082
1609461250 0.01530785
1609461251 0.01208515
1609461252 0.01127947
1609461253 0.01450217
1609461254 0.0
1609461255 0.01289082
1609461256 0.01530785
1609461257 0.0306157
1609461258 0.01530785
1609461259 0.009668117
1609461260 0.01208515
1609461261 0.01289082
1609461262 0.0169192
1609461263 0.01289082
1609461264 0.01530785
1609461265 0.003222705
1609461266 0.002417029
1609461267 0.01289082
1609461268 0.01127947
1609461269 0.01853055
1609461270 0.01208515
1609461271 0.01127947
1609461272 0.01772488
1609461273 0.01208515
1609461274 0.0136965
1609461275 0.0136965
1609461276 0.0136965
1609461277 0.01047379
1609461278 0.01127947
1609461279 0.01047379
1609461280 0.0136965
1609461281 0.0136965
1609461282 0.01289082
1609461283 0.02336462
1609461284 0.01127947
1609461285 0.01289082
1609461286 0.01289082
1609461287 0.0136965
1609461288 0.01772488
1609461289 0.01127947
1609461290 0.01127947
1609461291 0.01208515
1609461292 0.01289082
1609461293 0.01289082
1609461294 0.004028382
1609461295 0.02417029
1609461296 0.01289082
1609461297 0.01450217
1609461298 0.01289082
1609461299 0.0136965
1609461300 0.01127947
1609461301 0.01289082
1609461302 0.01289082
1609461303 0.0136965
1609461304 0.01289082
1609461305 0.01530785
1609461306 0.01289082
1609461307 0.01208515
1609461308 0.01289082
1609461309 0.01289082
1609461310 0.0136965
1609461311 0.01289082
1609461312 0.01208515
1609461313 0.01530785
1609461314 0.01530785
1609461315 0.0136965
1609461316 0.01450217
1609461317 0.005639734
1609461318 0.0136965
1609461319 0.0136965
1609461320 0.0136965
1609461321 0.01289082
1609461322 0.004834058
1609461323 0.0136965
1609461324 0.01127947
1609461325 0.01208515
1609461326 0.01772488
1609461327 0.01289082
1609461328 0.01289082
1609461329 0.01450217
1609461330 0.0136965
1609461331 0.02578164
1609461332 0.0169192
1609461333 0.0136965
1609461334 0.01450217
1609461335 0.01289082
1609461336 0.01450217
1609461337 0.0169192
1609461338 0.0136965
1609461339 0.01289082
1609461340 0.01289082
1609461341 0.01289082
1609461342 0.01289082
1609461343 0.01289082
1609461344 0.01289082
1609461345 0.01611353
1609461346 0.01208515
1609461347 0.01289082
1609461348 0.01289082
1609461349 0.0136965
1609461350 0.02014191
1609461351 0.0136965
1609461352 0.01289082
1609461353 0.01289082
1609461354 0.01289082
1609461355 0.02417029
1609461356 0.0136965
1609461357 0.01208515
1609461358 0.0136965
1609461359 0.01208515
1609461360 0.01450217
1609461361 0.007251087
1609461362 0.01772488
1609461363 0.01289082
1609461364 0.01611353
1609461365 0.0136965
1609461366 0.01289082
1609461367 0.01127947
1609461368 0.02417029
1609461369 0.01289082
1609461370 0.01289082
1609461371 0.01047379
1609461372 0.01289082
1609461373 0.01289082
1609461374 0.01450217
1609461375 0.01127947
1609461376 0.01208515
1609461377 0.0136965
1609461378 0.01047379
1609461379 0.01289082
1609461380 0.01289082
1609461381 0.009668117
1609461382 0.0136965
1609461383 0.01047379
1609461384 0.01289082
1609461385 0.01047379
1609461386 0.0169192
1609461387 0.01047379
1609461388 0.01530785
1609461389 0.0136965
1609461390 0.01289082
1609461391 0.0169192
1609461392 0.0
1609461393 0.01208515
1609461394 0.01208515
1609461395 0.008056764
1609461396 0.01127947
1609461397 0.008056764
1609461398 0.02175326
1609461399 0.01208515
1609461400 0.009668117
1609461401 0.0169192
1609461402 0.0136965
1609461403 0.01611353
1609461404 0.01772488
1609461405 0.01289082
1609461406 0.0136965
1609461407 0.01611353
1609461408 0.01289082
1609461409 0.01289082
1609461410 0.01289082
1609461411 0.01289082
1609461412 0.01450217
1609461413 0.01127947
1609461414 0.01289082
1609461415 0.01289082
1609461416 0.03706111
1609461417 0.01047379
1609461418 0.01289082
1609461419 0.01127947
1609461420 0.02336462
1609461421 0.0136965
1609461422 0.01289082
1609461423 0.01127947
1609461424 0.01289082
1609461425 0.01127947
1609461426 0.0136965
1609461427 0.01047379
1609461428 0.0136965
1609461429 0.01289082
1609461430 0.0136965
1609461431 0.0136965
1609461432 0.0136965
1609461433 0.01289082
1609461434 0.01289082
1609461435 0.01289082
1609461436 0.01208515
1609461437 0.0136965
1609461438 0.01289082
1609461439 0.01530785
1609461440 0.01289082
1609461441 0.01450217
1609461442 0.01289082
1609461443 0.01289082
1609461444 0.01289082
1609461445 0.01772488
1609461446 0.01208515
1609461447 0.01530785
1609461448 0.01289082
1609461449 0.01127947
1609461450 0.0136965
1609461451 0.01289082
1609461452 0.01530785
1609461453 0.01289082
1609461454 0.01047379
1609461455 0.01530785
1609461456 0.01289082
1609461457 0.02255894
1609461458 0.004834058
1609461459 0.04914626
1609461460 0.01127947
1609461461 0.009668117
1609461462 0.01450217
1609461463 0.01208515
1609461464 0.01289082
1609461465 0.01127947
1609461466 0.01208515
1609461467 0.01127947
1609461468 0.0136965
1609461469 0.008862439
1609461470 0.0136965
1609461471 0.01611353
1609461472 0.01127947
1609461473 0.0136965
1609461474 0.0136965
1609461475 0.01289082
1609461476 0.01289082
1609461477 0.01289082
1609461478 0.01289082
1609461479 0.0136965
1609461480 0.01047379
1609461481 0.0136965
1609461482 0.01530785
1609461483 0.01047379
1609461484 0.01450217
1609461485 0.01289082
1609461486 0.01611353
1609461487 0.01127947
1609461488 0.01127947
1609461489 0.01289082
1609461490 0.01289082
1609461491 0.01289082
1609461492 0.02819867
1609461493 0.0136965
1609461494 0.0169192
1609461495 0.01289082
1609461496 0.009668117
1609461497 0.0
1609461498 0.01450217
1609461499 0.01289082
1609461500 0.0136965
1609461501 0.009668117
1609461502 0.01289082
1609461503 0.01289082
1609461504 0.01127947
1609461505 0.008056764
1609461506 0.0
1609461507 0.01127947
1609461508 0.01289082
1609461509 0.0136965
1609461510 0.008862439
1609461511 0.01289082
1609461512 0.01289082
1609461513 0.0136965
1609461514 0.0136965
1609461515 0.01289082
1609461516 0.02658732
1609461517 0.03625543
1609461518 0.0136965
1609461519 0.01127947
1609461520 0.0169192
1609461521 0.01208515
1609461522 0.0008056764
1609461523 0.01289082
1609461524 0.0136965
1609461525 0.01289082
1609461526 0.01853055
1609461527 0.01289082
1609461528 0.01289082
1609461529 0.008862439
1609461530 0.01289082
1609461531 0.0136965
1609461532 0.01289082
1609461533 0.01208515
1609461534 0.0136965
1609461535 0.01450217
1609461536 0.008862439
1609461537 0.01127947
1609461538 0.0136965
1609461539 0.01127947
1609461540 0.0136965
1609461541 0.0136965
1609461542 0.01530785
1609461543 0.02255894
1609461544 0.0136965
1609461545 0.01289082
1609461546 0.0136965
1609461547 0.01289082
1609461548 0.01611353
1609461549 0.01289082
1609461550 0.01289082
1609461551 0.01289082
1609461552 0.01289082
1609461553 0.01208515
1609461554 0.01047379
1609461555 0.01289082
1609461556 0.01289082
1609461557 0.006445411
1609461558 0.01611353
1609461559 0.01289082
1609461560 0.009668117
1609461561 0.01289082
1609461562 0.01289082
1609461563 0.008056764
1609461564 0.01289082
1609461565 0.01127947
1609461566 0.01289082
1609461567 0.01127947
1609461568 0.01450217
1609461569 0.01289082
1609461570 0.01127947
1609461571 0.01208515
